# 2-Theta   Intensity
15.0000   586.0
15.0200   581.0
15.0400   605.0
15.0600   566.0
15.0800   576.0
15.1000   534.0
15.1200   571.0
15.1400   581.0
15.1600   610.0
15.1800   576.0
15.2000   600.0
15.2200   620.0
15.2400   600.0
15.2600   671.0
15.2800   650.0
15.3000   702.0
15.3200   767.0
15.3400   812.0
15.3600   778.0
15.3800   666.0
15.4000   610.0
15.4200   571.0
15.4400   566.0
15.4600   529.0
15.4800   511.0
15.5000   524.0
15.5200   600.0
15.5400   524.0
15.5600   543.0
15.5800   543.0
15.6000   557.0
15.6200   506.0
15.6400   562.0
15.6600   562.0
15.6800   538.0
15.7000   524.0
15.7200   538.0
15.7400   571.0
15.7600   520.0
15.7800   534.0
15.8000   524.0
15.8200   529.0
15.8400   538.0
15.8600   511.0
15.8800   566.0
15.9000   515.0
15.9200   520.0
15.9400   538.0
15.9600   534.0
15.9800   552.0
16.0000   515.0
16.0200   524.0
16.0400   502.0
16.0600   488.0
16.0800   524.0
16.1000   529.0
16.1200   488.0
16.1400   480.0
16.1600   493.0
16.1800   524.0
16.2000   484.0
16.2200   497.0
16.2400   511.0
16.2600   515.0
16.2800   471.0
16.3000   520.0
16.3200   471.0
16.3400   488.0
16.3600   515.0
16.3800   520.0
16.4000   502.0
16.4200   524.0
16.4400   520.0
16.4600   497.0
16.4800   506.0
16.5000   484.0
16.5200   493.0
16.5400   497.0
16.5600   493.0
16.5800   484.0
16.6000   484.0
16.6200   502.0
16.6400   484.0
16.6600   493.0
16.6800   493.0
16.7000   511.0
16.7200   484.0
16.7400   471.0
16.7600   506.0
16.7800   497.0
16.8000   480.0
16.8200   471.0
16.8400   511.0
16.8600   534.0
16.8800   548.0
16.9000   502.0
16.9200   524.0
16.9400   511.0
16.9600   534.0
16.9800   557.0
17.0000   520.0
17.0200   590.0
17.0400   650.0
17.0600   650.0
17.0800   566.0
17.1000   534.0
17.1200   524.0
17.1400   493.0
17.1600   467.0
17.1800   467.0
17.2000   488.0
17.2200   471.0
17.2400   454.0
17.2600   480.0
17.2800   408.0
17.3000   441.0
17.3200   467.0
17.3400   449.0
17.3600   433.0
17.3800   449.0
17.4000   454.0
17.4200   433.0
17.4400   445.0
17.4600   467.0
17.4800   458.0
17.5000   441.0
17.5200   480.0
17.5400   408.0
17.5600   462.0
17.5800   445.0
17.6000   462.0
17.6200   437.0
17.6400   458.0
17.6600   437.0
17.6800   458.0
17.7000   454.0
17.7200   416.0
17.7400   437.0
17.7600   437.0
17.7800   445.0
17.8000   445.0
17.8200   420.0
17.8400   454.0
17.8600   445.0
17.8800   445.0
17.9000   449.0
17.9200   424.0
17.9400   420.0
17.9600   449.0
17.9800   412.0
18.0000   416.0
18.0200   424.0
18.0400   471.0
18.0600   467.0
18.0800   441.0
18.1000   445.0
18.1200   424.0
18.1400   396.0
18.1600   420.0
18.1800   428.0
18.2000   433.0
18.2200   433.0
18.2400   416.0
18.2600   441.0
18.2800   404.0
18.3000   404.0
18.3200   441.0
18.3400   467.0
18.3600   424.0
18.3800   420.0
18.4000   449.0
18.4200   462.0
18.4400   462.0
18.4600   392.0
18.4800   365.0
18.5000   428.0
18.5200   433.0
18.5400   412.0
18.5600   458.0
18.5800   404.0
18.6000   408.0
18.6200   416.0
18.6400   437.0
18.6600   408.0
18.6800   441.0
18.7000   384.0
18.7200   400.0
18.7400   428.0
18.7600   424.0
18.7800   384.0
18.8000   458.0
18.8200   416.0
18.8400   416.0
18.8600   408.0
18.8800   396.0
18.9000   365.0
18.9200   404.0
18.9400   420.0
18.9600   412.0
18.9800   433.0
19.0000   404.0
19.0200   412.0
19.0400   396.0
19.0600   412.0
19.0800   424.0
19.1000   380.0
19.1200   437.0
19.1400   400.0
19.1600   372.0
19.1800   449.0
19.2000   424.0
19.2200   428.0
19.2400   428.0
19.2600   416.0
19.2800   376.0
19.3000   404.0
19.3200   433.0
19.3400   416.0
19.3600   412.0
19.3800   420.0
19.4000   412.0
19.4200   416.0
19.4400   433.0
19.4600   388.0
19.4800   437.0
19.5000   424.0
19.5200   392.0
19.5400   392.0
19.5600   400.0
19.5800   365.0
19.6000   396.0
19.6200   400.0
19.6400   388.0
19.6600   412.0
19.6800   416.0
19.7000   392.0
19.7200   388.0
19.7400   346.0
19.7600   384.0
19.7800   380.0
19.8000   433.0
19.8200   396.0
19.8400   346.0
19.8600   392.0
19.8800   346.0
19.9000   416.0
19.9200   388.0
19.9400   357.0
19.9600   380.0
19.9800   369.0
20.0000   369.0
20.0200   380.0
20.0400   372.0
20.0600   380.0
20.0800   369.0
20.1000   369.0
20.1200   400.0
20.1400   380.0
20.1600   392.0
20.1800   376.0
20.2000   388.0
20.2200   376.0
20.2400   361.0
20.2600   342.0
20.2800   342.0
20.3000   369.0
20.3200   372.0
20.3400   365.0
20.3600   357.0
20.3800   380.0
20.4000   365.0
20.4200   331.0
20.4400   357.0
20.4600   369.0
20.4800   357.0
20.5000   396.0
20.5200   331.0
20.5400   369.0
20.5600   369.0
20.5800   365.0
20.6000   353.0
20.6200   306.0
20.6400   331.0
20.6600   353.0
20.6800   384.0
20.7000   346.0
20.7200   380.0
20.7400   365.0
20.7600   361.0
20.7800   396.0
20.8000   357.0
20.8200   342.0
20.8400   320.0
20.8600   361.0
20.8800   365.0
20.9000   339.0
20.9200   350.0
20.9400   372.0
20.9600   350.0
20.9800   353.0
21.0000   353.0
21.0200   346.0
21.0400   388.0
21.0600   335.0
21.0800   384.0
21.1000   396.0
21.1200   350.0
21.1400   335.0
21.1600   369.0
21.1800   331.0
21.2000   350.0
21.2200   342.0
21.2400   342.0
21.2600   335.0
21.2800   346.0
21.3000   376.0
21.3200   324.0
21.3400   388.0
21.3600   342.0
21.3800   339.0
21.4000   339.0
21.4200   361.0
21.4400   361.0
21.4600   328.0
21.4800   342.0
21.5000   320.0
21.5200   306.0
21.5400   361.0
21.5600   365.0
21.5800   320.0
21.6000   335.0
21.6200   328.0
21.6400   342.0
21.6600   331.0
21.6800   303.0
21.7000   339.0
21.7200   317.0
21.7400   313.0
21.7600   346.0
21.7800   320.0
21.8000   342.0
21.8200   350.0
21.8400   350.0
21.8600   289.0
21.8800   365.0
21.9000   299.0
21.9200   339.0
21.9400   365.0
21.9600   306.0
21.9800   331.0
22.0000   331.0
22.0200   357.0
22.0400   317.0
22.0600   313.0
22.0800   324.0
22.1000   342.0
22.1200   320.0
22.1400   320.0
22.1600   286.0
22.1800   324.0
22.2000   296.0
22.2200   346.0
22.2400   282.0
22.2600   310.0
22.2800   320.0
22.3000   310.0
22.3200   320.0
22.3400   299.0
22.3600   320.0
22.3800   320.0
22.4000   350.0
22.4200   313.0
22.4400   328.0
22.4600   286.0
22.4800   286.0
22.5000   306.0
22.5200   292.0
22.5400   286.0
22.5600   296.0
22.5800   313.0
22.6000   303.0
22.6200   331.0
22.6400   303.0
22.6600   317.0
22.6800   289.0
22.7000   279.0
22.7200   282.0
22.7400   292.0
22.7600   320.0
22.7800   306.0
22.8000   292.0
22.8200   306.0
22.8400   296.0
22.8600   306.0
22.8800   342.0
22.9000   299.0
22.9200   292.0
22.9400   306.0
22.9600   313.0
22.9800   331.0
23.0000   303.0
23.0200   317.0
23.0400   276.0
23.0600   299.0
23.0800   303.0
23.1000   313.0
23.1200   342.0
23.1400   339.0
23.1600   276.0
23.1800   313.0
23.2000   306.0
23.2200   320.0
23.2400   276.0
23.2600   328.0
23.2800   262.0
23.3000   313.0
23.3200   276.0
23.3400   320.0
23.3600   313.0
23.3800   292.0
23.4000   306.0
23.4200   306.0
23.4400   306.0
23.4600   306.0
23.4800   313.0
23.5000   299.0
23.5200   303.0
23.5400   279.0
23.5600   328.0
23.5800   306.0
23.6000   328.0
23.6200   317.0
23.6400   342.0
23.6600   342.0
23.6800   353.0
23.7000   376.0
23.7200   380.0
23.7400   384.0
23.7600   388.0
23.7800   392.0
23.8000   437.0
23.8200   502.0
23.8400   480.0
23.8600   515.0
23.8800   548.0
23.9000   595.0
23.9200   571.0
23.9400   650.0
23.9600   590.0
23.9800   605.0
24.0000   605.0
24.0200   590.0
24.0400   571.0
24.0600   515.0
24.0800   543.0
24.1000   520.0
24.1200   497.0
24.1400   488.0
24.1600   433.0
24.1800   433.0
24.2000   454.0
24.2200   445.0
24.2400   392.0
24.2600   420.0
24.2800   384.0
24.3000   388.0
24.3200   384.0
24.3400   365.0
24.3600   339.0
24.3800   328.0
24.4000   331.0
24.4200   306.0
24.4400   320.0
24.4600   339.0
24.4800   299.0
24.5000   346.0
24.5200   306.0
24.5400   339.0
24.5600   299.0
24.5800   306.0
24.6000   365.0
24.6200   339.0
24.6400   372.0
24.6600   361.0
24.6800   412.0
24.7000   424.0
24.7200   441.0
24.7400   488.0
24.7600   600.0
24.7800   676.0
24.8000   807.0
24.8200   1170.0
24.8400   1552.0
24.8600   1756.0
24.8800   2070.0
24.9000   2372.0
24.9200   2294.0
24.9400   1798.0
24.9600   1399.0
24.9800   1232.0
25.0000   894.0
25.0200   543.0
25.0400   433.0
25.0600   335.0
25.0800   392.0
25.1000   346.0
25.1200   324.0
25.1400   328.0
25.1600   317.0
25.1800   303.0
25.2000   276.0
25.2200   313.0
25.2400   272.0
25.2600   317.0
25.2800   296.0
25.3000   279.0
25.3200   262.0
25.3400   306.0
25.3600   306.0
25.3800   276.0
25.4000   266.0
25.4200   262.0
25.4400   272.0
25.4600   246.0
25.4800   276.0
25.5000   276.0
25.5200   240.0
25.5400   256.0
25.5600   269.0
25.5800   292.0
25.6000   303.0
25.6200   262.0
25.6400   240.0
25.6600   269.0
25.6800   279.0
25.7000   262.0
25.7200   231.0
25.7400   266.0
25.7600   272.0
25.7800   279.0
25.8000   246.0
25.8200   286.0
25.8400   246.0
25.8600   289.0
25.8800   240.0
25.9000   272.0
25.9200   269.0
25.9400   299.0
25.9600   292.0
25.9800   253.0
26.0000   259.0
26.0200   292.0
26.0400   259.0
26.0600   250.0
26.0800   259.0
26.1000   279.0
26.1200   253.0
26.1400   276.0
26.1600   253.0
26.1800   259.0
26.2000   262.0
26.2200   292.0
26.2400   272.0
26.2600   269.0
26.2800   266.0
26.3000   204.0
26.3200   276.0
26.3400   246.0
26.3600   292.0
26.3800   262.0
26.4000   269.0
26.4200   234.0
26.4400   276.0
26.4600   246.0
26.4800   256.0
26.5000   272.0
26.5200   262.0
26.5400   246.0
26.5600   262.0
26.5800   272.0
26.6000   262.0
26.6200   272.0
26.6400   259.0
26.6600   266.0
26.6800   262.0
26.7000   286.0
26.7200   266.0
26.7400   276.0
26.7600   269.0
26.7800   286.0
26.8000   276.0
26.8200   253.0
26.8400   250.0
26.8600   237.0
26.8800   231.0
26.9000   269.0
26.9200   262.0
26.9400   237.0
26.9600   303.0
26.9800   250.0
27.0000   259.0
27.0200   289.0
27.0400   266.0
27.0600   250.0
27.0800   243.0
27.1000   266.0
27.1200   266.0
27.1400   256.0
27.1600   246.0
27.1800   279.0
27.2000   256.0
27.2200   292.0
27.2400   286.0
27.2600   262.0
27.2800   331.0
27.3000   303.0
27.3200   292.0
27.3400   320.0
27.3600   313.0
27.3800   388.0
27.4000   396.0
27.4200   404.0
27.4400   449.0
27.4600   506.0
27.4800   511.0
27.5000   610.0
27.5200   660.0
27.5400   795.0
27.5600   999.0
27.5800   1211.0
27.6000   1815.0
27.6200   2125.0
27.6400   2798.0
27.6600   3576.0
27.6800   4679.0
27.7000   5806.0
27.7200   6872.0
27.7400   8724.0
27.7600   9624.0
27.7800   7448.0
27.8000   5300.0
27.8200   4679.0
27.8400   3931.0
27.8600   2285.0
27.8800   1274.0
27.9000   955.0
27.9200   807.0
27.9400   708.0
27.9600   610.0
27.9800   600.0
28.0000   511.0
28.0200   493.0
28.0400   467.0
28.0600   471.0
28.0800   467.0
28.1000   484.0
28.1200   497.0
28.1400   620.0
28.1600   671.0
28.1800   801.0
28.2000   829.0
28.2200   1011.0
28.2400   1163.0
28.2600   1190.0
28.2800   949.0
28.3000   847.0
28.3200   724.0
28.3400   615.0
28.3600   488.0
28.3800   380.0
28.4000   328.0
28.4200   306.0
28.4400   299.0
28.4600   266.0
28.4800   289.0
28.5000   289.0
28.5200   279.0
28.5400   256.0
28.5600   259.0
28.5800   253.0
28.6000   269.0
28.6200   250.0
28.6400   282.0
28.6600   246.0
28.6800   253.0
28.7000   253.0
28.7200   237.0
28.7400   240.0
28.7600   259.0
28.7800   286.0
28.8000   243.0
28.8200   250.0
28.8400   246.0
28.8600   237.0
28.8800   253.0
28.9000   256.0
28.9200   234.0
28.9400   234.0
28.9600   216.0
28.9800   250.0
29.0000   204.0
29.0200   253.0
29.0400   234.0
29.0600   256.0
29.0800   240.0
29.1000   216.0
29.1200   237.0
29.1400   219.0
29.1600   240.0
29.1800   256.0
29.2000   240.0
29.2200   231.0
29.2400   246.0
29.2600   246.0
29.2800   234.0
29.3000   237.0
29.3200   240.0
29.3400   250.0
29.3600   228.0
29.3800   266.0
29.4000   250.0
29.4200   231.0
29.4400   216.0
29.4600   262.0
29.4800   250.0
29.5000   276.0
29.5200   225.0
29.5400   243.0
29.5600   246.0
29.5800   259.0
29.6000   243.0
29.6200   259.0
29.6400   237.0
29.6600   279.0
29.6800   250.0
29.7000   250.0
29.7200   266.0
29.7400   269.0
29.7600   262.0
29.7800   253.0
29.8000   240.0
29.8200   282.0
29.8400   276.0
29.8600   262.0
29.8800   276.0
29.9000   289.0
29.9200   282.0
29.9400   269.0
29.9600   292.0
29.9800   331.0
30.0000   310.0
30.0200   317.0
30.0400   324.0
30.0600   350.0
30.0800   376.0
30.1000   357.0
30.1200   404.0
30.1400   380.0
30.1600   449.0
30.1800   493.0
30.2000   543.0
30.2200   538.0
30.2400   605.0
30.2600   635.0
30.2800   713.0
30.3000   818.0
30.3200   955.0
30.3400   1005.0
30.3600   900.0
30.3800   900.0
30.4000   906.0
30.4200   949.0
30.4400   853.0
30.4600   864.0
30.4800   967.0
30.5000   1082.0
30.5200   1289.0
30.5400   1576.0
30.5600   1910.0
30.5800   2440.0
30.6000   3721.0
30.6200   5285.0
30.6400   5914.0
30.6600   7022.0
30.6800   7903.0
30.7000   6225.0
30.7200   4665.0
30.7400   4199.0
30.7600   3832.0
30.7800   2777.0
30.8000   1764.0
30.8200   1513.0
30.8400   1616.0
30.8600   1806.0
30.8800   2381.0
30.9000   3306.0
30.9200   3540.0
30.9400   3697.0
30.9600   3283.0
30.9800   2430.0
31.0000   2034.0
31.0200   1884.0
31.0400   1444.0
31.0600   858.0
31.0800   566.0
31.1000   458.0
31.1200   449.0
31.1400   475.0
31.1600   404.0
31.1800   324.0
31.2000   342.0
31.2200   346.0
31.2400   299.0
31.2600   289.0
31.2800   256.0
31.3000   259.0
31.3200   246.0
31.3400   253.0
31.3600   250.0
31.3800   262.0
31.4000   243.0
31.4200   253.0
31.4400   250.0
31.4600   279.0
31.4800   228.0
31.5000   234.0
31.5200   256.0
31.5400   259.0
31.5600   246.0
31.5800   266.0
31.6000   240.0
31.6200   240.0
31.6400   266.0
31.6600   262.0
31.6800   320.0
31.7000   286.0
31.7200   259.0
31.7400   279.0
31.7600   299.0
31.7800   310.0
31.8000   339.0
31.8200   350.0
31.8400   392.0
31.8600   396.0
31.8800   400.0
31.9000   480.0
31.9200   529.0
31.9400   595.0
31.9600   692.0
31.9800   724.0
32.0000   858.0
32.0200   924.0
32.0400   1122.0
32.0600   1406.0
32.0800   1600.0
32.1000   2079.0
32.1200   2440.0
32.1400   3249.0
32.1600   4238.0
32.1800   5806.0
32.2000   8354.0
32.2200   11278.0
32.2400   14376.0
32.2600   19377.0
32.2800   22710.0
32.3000   22261.0
32.3200   16822.0
32.3400   13225.0
32.3600   12365.0
32.3800   10878.0
32.4000   7090.0
32.4200   4020.0
32.4400   2570.0
32.4600   1858.0
32.4800   1552.0
32.5000   1274.0
32.5200   1136.0
32.5400   961.0
32.5600   762.0
32.5800   692.0
32.6000   640.0
32.6200   576.0
32.6400   515.0
32.6600   462.0
32.6800   441.0
32.7000   449.0
32.7200   392.0
32.7400   335.0
32.7600   365.0
32.7800   328.0
32.8000   328.0
32.8200   320.0
32.8400   266.0
32.8600   269.0
32.8800   225.0
32.9000   262.0
32.9200   259.0
32.9400   219.0
32.9600   231.0
32.9800   237.0
33.0000   234.0
33.0200   276.0
33.0400   243.0
33.0600   216.0
33.0800   240.0
33.1000   243.0
33.1200   234.0
33.1400   202.0
33.1600   234.0
33.1800   279.0
33.2000   299.0
33.2200   296.0
33.2400   335.0
33.2600   380.0
33.2800   441.0
33.3000   424.0
33.3200   372.0
33.3400   320.0
33.3600   292.0
33.3800   313.0
33.4000   282.0
33.4200   259.0
33.4400   234.0
33.4600   225.0
33.4800   234.0
33.5000   213.0
33.5200   196.0
33.5400   193.0
33.5600   172.0
33.5800   213.0
33.6000   188.0
33.6200   188.0
33.6400   216.0
33.6600   177.0
33.6800   185.0
33.7000   199.0
33.7200   199.0
33.7400   228.0
33.7600   216.0
33.7800   222.0
33.8000   199.0
33.8200   210.0
33.8400   222.0
33.8600   225.0
33.8800   272.0
33.9000   219.0
33.9200   234.0
33.9400   219.0
33.9600   225.0
33.9800   246.0
34.0000   253.0
34.0200   237.0
34.0400   253.0
34.0600   225.0
34.0800   269.0
34.1000   272.0
34.1200   262.0
34.1400   276.0
34.1600   299.0
34.1800   262.0
34.2000   286.0
34.2200   269.0
34.2400   317.0
34.2600   272.0
34.2800   289.0
34.3000   269.0
34.3200   279.0
34.3400   246.0
34.3600   259.0
34.3800   286.0
34.4000   243.0
34.4200   246.0
34.4400   246.0
34.4600   259.0
34.4800   250.0
34.5000   256.0
34.5200   253.0
34.5400   259.0
34.5600   222.0
34.5800   246.0
34.6000   213.0
34.6200   225.0
34.6400   193.0
34.6600   193.0
34.6800   246.0
34.7000   193.0
34.7200   222.0
34.7400   199.0
34.7600   182.0
34.7800   196.0
34.8000   193.0
34.8200   180.0
34.8400   166.0
34.8600   180.0
34.8800   161.0
34.9000   185.0
34.9200   166.0
34.9400   159.0
34.9600   202.0
34.9800   164.0
35.0000   132.0
35.0200   161.0
35.0400   174.0
35.0600   161.0
35.0800   190.0
35.1000   185.0
35.1200   196.0
35.1400   159.0
35.1600   154.0
35.1800   135.0
35.2000   174.0
35.2200   159.0
35.2400   139.0
35.2600   159.0
35.2800   196.0
35.3000   182.0
35.3200   172.0
35.3400   164.0
35.3600   161.0
35.3800   169.0
35.4000   149.0
35.4200   164.0
35.4400   156.0
35.4600   135.0
35.4800   174.0
35.5000   161.0
35.5200   169.0
35.5400   174.0
35.5600   151.0
35.5800   144.0
35.6000   156.0
35.6200   154.0
35.6400   161.0
35.6600   172.0
35.6800   177.0
35.7000   166.0
35.7200   210.0
35.7400   161.0
35.7600   169.0
35.7800   164.0
35.8000   151.0
35.8200   177.0
35.8400   164.0
35.8600   154.0
35.8800   156.0
35.9000   149.0
35.9200   154.0
35.9400   161.0
35.9600   182.0
35.9800   169.0
36.0000   154.0
36.0200   161.0
36.0400   156.0
36.0600   149.0
36.0800   156.0
36.1000   159.0
36.1200   164.0
36.1400   146.0
36.1600   164.0
36.1800   159.0
36.2000   169.0
36.2200   172.0
36.2400   219.0
36.2600   169.0
36.2800   161.0
36.3000   164.0
36.3200   204.0
36.3400   161.0
36.3600   190.0
36.3800   204.0
36.4000   207.0
36.4200   202.0
36.4400   213.0
36.4600   234.0
36.4800   222.0
36.5000   243.0
36.5200   219.0
36.5400   228.0
36.5600   225.0
36.5800   202.0
36.6000   219.0
36.6200   196.0
36.6400   196.0
36.6600   188.0
36.6800   166.0
36.7000   161.0
36.7200   182.0
36.7400   161.0
36.7600   161.0
36.7800   166.0
36.8000   149.0
36.8200   159.0
36.8400   169.0
36.8600   161.0
36.8800   156.0
36.9000   146.0
36.9200   166.0
36.9400   151.0
36.9600   164.0
36.9800   164.0
37.0000   137.0
37.0200   180.0
37.0400   169.0
37.0600   159.0
37.0800   166.0
37.1000   164.0
37.1200   185.0
37.1400   156.0
37.1600   177.0
37.1800   188.0
37.2000   202.0
37.2200   196.0
37.2400   190.0
37.2600   180.0
37.2800   164.0
37.3000   188.0
37.3200   172.0
37.3400   213.0
37.3600   199.0
37.3800   185.0
37.4000   180.0
37.4200   213.0
37.4400   182.0
37.4600   204.0
37.4800   169.0
37.5000   177.0
37.5200   166.0
37.5400   164.0
37.5600   169.0
37.5800   216.0
37.6000   154.0
37.6200   161.0
37.6400   164.0
37.6600   146.0
37.6800   177.0
37.7000   164.0
37.7200   149.0
37.7400   146.0
37.7600   149.0
37.7800   146.0
37.8000   135.0
37.8200   135.0
37.8400   154.0
37.8600   164.0
37.8800   144.0
37.9000   137.0
37.9200   169.0
37.9400   149.0
37.9600   144.0
37.9800   161.0
38.0000   161.0
38.0200   151.0
38.0400   174.0
38.0600   137.0
38.0800   159.0
38.1000   161.0
38.1200   144.0
38.1400   151.0
38.1600   125.0
38.1800   139.0
38.2000   154.0
38.2200   151.0
38.2400   130.0
38.2600   142.0
38.2800   161.0
38.3000   172.0
38.3200   161.0
38.3400   149.0
38.3600   137.0
38.3800   174.0
38.4000   149.0
38.4200   154.0
38.4400   128.0
38.4600   125.0
38.4800   146.0
38.5000   149.0
38.5200   137.0
38.5400   154.0
38.5600   151.0
38.5800   149.0
38.6000   159.0
38.6200   151.0
38.6400   144.0
38.6600   149.0
38.6800   144.0
38.7000   166.0
38.7200   159.0
38.7400   161.0
38.7600   159.0
38.7800   139.0
38.8000   144.0
38.8200   139.0
38.8400   146.0
38.8600   137.0
38.8800   114.0
38.9000   154.0
38.9200   139.0
38.9400   164.0
38.9600   144.0
38.9800   159.0
39.0000   130.0
39.0200   123.0
39.0400   146.0
39.0600   182.0
39.0800   164.0
39.1000   169.0
39.1200   142.0
39.1400   125.0
39.1600   144.0
39.1800   154.0
39.2000   149.0
39.2200   149.0
39.2400   161.0
39.2600   161.0
39.2800   172.0
39.3000   164.0
39.3200   169.0
39.3400   161.0
39.3600   174.0
39.3800   172.0
39.4000   188.0
39.4200   161.0
39.4400   190.0
39.4600   188.0
39.4800   216.0
39.5000   190.0
39.5200   210.0
39.5400   250.0
39.5600   234.0
39.5800   259.0
39.6000   292.0
39.6200   266.0
39.6400   303.0
39.6600   310.0
39.6800   320.0
39.7000   353.0
39.7200   484.0
39.7400   497.0
39.7600   635.0
39.7800   784.0
39.8000   1005.0
39.8200   1318.0
39.8400   1798.0
39.8600   2570.0
39.8800   3204.0
39.9000   3540.0
39.9200   3364.0
39.9400   2450.0
39.9600   2043.0
39.9800   1998.0
40.0000   1998.0
40.0200   1772.0
40.0400   1267.0
40.0600   818.0
40.0800   571.0
40.1000   484.0
40.1200   416.0
40.1400   350.0
40.1600   292.0
40.1800   292.0
40.2000   253.0
40.2200   231.0
40.2400   243.0
40.2600   207.0
40.2800   202.0
40.3000   193.0
40.3200   190.0
40.3400   207.0
40.3600   185.0
40.3800   193.0
40.4000   185.0
40.4200   185.0
40.4400   182.0
40.4600   166.0
40.4800   182.0
40.5000   164.0
40.5200   161.0
40.5400   172.0
40.5600   174.0
40.5800   154.0
40.6000   137.0
40.6200   154.0
40.6400   146.0
40.6600   161.0
40.6800   182.0
40.7000   172.0
40.7200   156.0
40.7400   161.0
40.7600   174.0
40.7800   172.0
40.8000   144.0
40.8200   137.0
40.8400   151.0
40.8600   144.0
40.8800   180.0
40.9000   149.0
40.9200   149.0
40.9400   154.0
40.9600   139.0
40.9800   156.0
41.0000   156.0
41.0200   137.0
41.0400   144.0
41.0600   149.0
41.0800   174.0
41.1000   142.0
41.1200   164.0
41.1400   146.0
41.1600   166.0
41.1800   166.0
41.2000   166.0
41.2200   154.0
41.2400   142.0
41.2600   137.0
41.2800   142.0
41.3000   139.0
41.3200   146.0
41.3400   166.0
41.3600   146.0
41.3800   144.0
41.4000   146.0
41.4200   146.0
41.4400   174.0
41.4600   164.0
41.4800   172.0
41.5000   161.0
41.5200   142.0
41.5400   174.0
41.5600   169.0
41.5800   156.0
41.6000   180.0
41.6200   188.0
41.6400   188.0
41.6600   180.0
41.6800   207.0
41.7000   204.0
41.7200   210.0
41.7400   228.0
41.7600   225.0
41.7800   256.0
41.8000   243.0
41.8200   279.0
41.8400   324.0
41.8600   320.0
41.8800   396.0
41.9000   484.0
41.9200   529.0
41.9400   734.0
41.9600   900.0
41.9800   1267.0
42.0000   1544.0
42.0200   1858.0
42.0400   2070.0
42.0600   1764.0
42.0800   1253.0
42.1000   1190.0
42.1200   1149.0
42.1400   1096.0
42.1600   1030.0
42.1800   702.0
42.2000   534.0
42.2200   445.0
42.2400   400.0
42.2600   372.0
42.2800   392.0
42.3000   416.0
42.3200   454.0
42.3400   605.0
42.3600   625.0
42.3800   610.0
42.4000   605.0
42.4200   511.0
42.4400   412.0
42.4600   462.0
42.4800   480.0
42.5000   433.0
42.5200   372.0
42.5400   272.0
42.5600   250.0
42.5800   266.0
42.6000   207.0
42.6200   240.0
42.6400   196.0
42.6600   222.0
42.6800   210.0
42.7000   228.0
42.7200   216.0
42.7400   228.0
42.7600   207.0
42.7800   177.0
42.8000   188.0
42.8200   202.0
42.8400   180.0
42.8600   204.0
42.8800   216.0
42.9000   185.0
42.9200   190.0
42.9400   204.0
42.9600   204.0
42.9800   172.0
43.0000   199.0
43.0200   190.0
43.0400   193.0
43.0600   213.0
43.0800   188.0
43.1000   219.0
43.1200   210.0
43.1400   210.0
43.1600   202.0
43.1800   199.0
43.2000   166.0
43.2200   193.0
43.2400   190.0
43.2600   204.0
43.2800   222.0
43.3000   225.0
43.3200   243.0
43.3400   240.0
43.3600   222.0
43.3800   210.0
43.4000   246.0
43.4200   262.0
43.4400   237.0
43.4600   231.0
43.4800   246.0
43.5000   240.0
43.5200   240.0
43.5400   246.0
43.5600   228.0
43.5800   240.0
43.6000   240.0
43.6200   207.0
43.6400   240.0
43.6600   243.0
43.6800   202.0
43.7000   219.0
43.7200   225.0
43.7400   237.0
43.7600   250.0
43.7800   286.0
43.8000   286.0
43.8200   324.0
43.8400   299.0
43.8600   365.0
43.8800   384.0
43.9000   400.0
43.9200   408.0
43.9400   497.0
43.9600   557.0
43.9800   650.0
44.0000   801.0
44.0200   1050.0
44.0400   1399.0
44.0600   2043.0
44.0800   2905.0
44.1000   4020.0
44.1200   4045.0
44.1400   3272.0
44.1600   2421.0
44.1800   2007.0
44.2000   2153.0
44.2200   2430.0
44.2400   2125.0
44.2600   1624.0
44.2800   1037.0
44.3000   745.0
44.3200   630.0
44.3400   493.0
44.3600   441.0
44.3800   369.0
44.4000   353.0
44.4200   320.0
44.4400   292.0
44.4600   303.0
44.4800   259.0
44.5000   256.0
44.5200   262.0
44.5400   219.0
44.5600   225.0
44.5800   240.0
44.6000   228.0
44.6200   225.0
44.6400   213.0
44.6600   234.0
44.6800   219.0
44.7000   216.0
44.7200   219.0
44.7400   225.0
44.7600   228.0
44.7800   228.0
44.8000   250.0
44.8200   216.0
44.8400   240.0
44.8600   243.0
44.8800   169.0
44.9000   219.0
44.9200   185.0
44.9400   219.0
44.9600   188.0
44.9800   210.0
45.0000   199.0
45.0200   204.0
45.0400   177.0
45.0600   174.0
45.0800   185.0
45.1000   169.0
45.1200   169.0
45.1400   172.0
45.1600   135.0
45.1800   164.0
45.2000   159.0
45.2200   154.0
45.2400   174.0
45.2600   193.0
45.2800   164.0
45.3000   185.0
45.3200   164.0
45.3400   164.0
45.3600   174.0
45.3800   169.0
45.4000   169.0
45.4200   164.0
45.4400   174.0
45.4600   154.0
45.4800   185.0
45.5000   182.0
45.5200   204.0
45.5400   185.0
45.5600   228.0
45.5800   207.0
45.6000   225.0
45.6200   222.0
45.6400   243.0
45.6600   279.0
45.6800   282.0
45.7000   313.0
45.7200   342.0
45.7400   388.0
45.7600   471.0
45.7800   552.0
45.8000   650.0
45.8200   924.0
45.8400   1176.0
45.8600   1505.0
45.8800   1823.0
45.9000   1823.0
45.9200   1568.0
45.9400   1369.0
45.9600   1429.0
45.9800   1722.0
46.0000   2079.0
46.0200   2673.0
46.0400   3249.0
46.0600   3919.0
46.0800   4570.0
46.1000   3745.0
46.1200   2470.0
46.1400   1781.0
46.1600   1910.0
46.1800   2228.0
46.2000   2450.0
46.2200   1954.0
46.2400   1218.0
46.2600   734.0
46.2800   520.0
46.3000   458.0
46.3200   420.0
46.3400   353.0
46.3600   306.0
46.3800   269.0
46.4000   243.0
46.4200   228.0
46.4400   222.0
46.4600   240.0
46.4800   225.0
46.5000   213.0
46.5200   204.0
46.5400   199.0
46.5600   199.0
46.5800   204.0
46.6000   234.0
46.6200   180.0
46.6400   182.0
46.6600   207.0
46.6800   202.0
46.7000   240.0
46.7200   190.0
46.7400   196.0
46.7600   196.0
46.7800   222.0
46.8000   225.0
46.8200   228.0
46.8400   228.0
46.8600   246.0
46.8800   256.0
46.9000   250.0
46.9200   262.0
46.9400   269.0
46.9600   306.0
46.9800   303.0
47.0000   262.0
47.0200   339.0
47.0400   412.0
47.0600   506.0
47.0800   692.0
47.1000   888.0
47.1200   1063.0
47.1400   1391.0
47.1600   1616.0
47.1800   1325.0
47.2000   894.0
47.2200   740.0
47.2400   697.0
47.2600   801.0
47.2800   858.0
47.3000   745.0
47.3200   475.0
47.3400   353.0
47.3600   272.0
47.3800   243.0
47.4000   196.0
47.4200   196.0
47.4400   199.0
47.4600   207.0
47.4800   161.0
47.5000   169.0
47.5200   172.0
47.5400   185.0
47.5600   149.0
47.5800   174.0
47.6000   146.0
47.6200   156.0
47.6400   154.0
47.6600   149.0
47.6800   132.0
47.7000   159.0
47.7200   139.0
47.7400   149.0
47.7600   149.0
47.7800   159.0
47.8000   161.0
47.8200   144.0
47.8400   172.0
47.8600   154.0
47.8800   161.0
47.9000   159.0
47.9200   169.0
47.9400   146.0
47.9600   156.0
47.9800   159.0
48.0000   151.0
48.0200   177.0
48.0400   196.0
48.0600   193.0
48.0800   231.0
48.1000   193.0
48.1200   207.0
48.1400   243.0
48.1600   246.0
48.1800   269.0
48.2000   276.0
48.2200   289.0
48.2400   350.0
48.2600   357.0
48.2800   433.0
48.3000   566.0
48.3200   713.0
48.3400   942.0
48.3600   1340.0
48.3800   1918.0
48.4000   2663.0
48.4200   2884.0
48.4400   2411.0
48.4600   1592.0
48.4800   1246.0
48.5000   1239.0
48.5200   1537.0
48.5400   1521.0
48.5600   1482.0
48.5800   1030.0
48.6000   686.0
48.6200   529.0
48.6400   388.0
48.6600   357.0
48.6800   296.0
48.7000   276.0
48.7200   269.0
48.7400   269.0
48.7600   222.0
48.7800   216.0
48.8000   199.0
48.8200   169.0
48.8400   193.0
48.8600   193.0
48.8800   164.0
48.9000   172.0
48.9200   177.0
48.9400   185.0
48.9600   161.0
48.9800   164.0
49.0000   174.0
49.0200   154.0
49.0400   156.0
49.0600   144.0
49.0800   144.0
49.1000   169.0
49.1200   144.0
49.1400   151.0
49.1600   128.0
49.1800   132.0
49.2000   137.0
49.2200   159.0
49.2400   123.0
49.2600   125.0
49.2800   130.0
49.3000   142.0
49.3200   130.0
49.3400   142.0
49.3600   128.0
49.3800   121.0
49.4000   135.0
49.4200   142.0
49.4400   117.0
49.4600   154.0
49.4800   128.0
49.5000   130.0
49.5200   151.0
49.5400   123.0
49.5600   135.0
49.5800   135.0
49.6000   121.0
49.6200   146.0
49.6400   123.0
49.6600   135.0
49.6800   132.0
49.7000   123.0
49.7200   123.0
49.7400   149.0
49.7600   125.0
49.7800   106.0
49.8000   146.0
49.8200   119.0
49.8400   119.0
49.8600   119.0
49.8800   130.0
49.9000   123.0
49.9200   139.0
49.9400   119.0
49.9600   130.0
49.9800   119.0
50.0000   142.0
50.0200   119.0
50.0400   112.0
50.0600   132.0
50.0800   137.0
50.1000   110.0
50.1200   125.0
50.1400   125.0
50.1600   119.0
50.1800   125.0
50.2000   117.0
50.2200   112.0
50.2400   112.0
50.2600   123.0
50.2800   123.0
50.3000   119.0
50.3200   102.0
50.3400   135.0
50.3600   144.0
50.3800   123.0
50.4000   125.0
50.4200   119.0
50.4400   121.0
50.4600   119.0
50.4800   121.0
50.5000   110.0
50.5200   125.0
50.5400   117.0
50.5600   104.0
50.5800   106.0
50.6000   100.0
50.6200   96.0
50.6400   119.0
50.6600   117.0
50.6800   130.0
50.7000   110.0
50.7200   112.0
50.7400   110.0
50.7600   110.0
50.7800   130.0
50.8000   104.0
50.8200   102.0
50.8400   121.0
50.8600   102.0
50.8800   112.0
50.9000   106.0
50.9200   121.0
50.9400   119.0
50.9600   119.0
50.9800   104.0
51.0000   125.0
51.0200   125.0
51.0400   139.0
51.0600   151.0
51.0800   144.0
51.1000   151.0
51.1200   110.0
51.1400   114.0
51.1600   121.0
51.1800   128.0
51.2000   114.0
51.2200   146.0
51.2400   146.0
51.2600   132.0
51.2800   125.0
51.3000   114.0
51.3200   135.0
51.3400   108.0
51.3600   130.0
51.3800   117.0
51.4000   114.0
51.4200   114.0
51.4400   112.0
51.4600   125.0
51.4800   108.0
51.5000   106.0
51.5200   119.0
51.5400   104.0
51.5600   121.0
51.5800   125.0
51.6000   100.0
51.6200   146.0
51.6400   128.0
51.6600   139.0
51.6800   132.0
51.7000   114.0
51.7200   125.0
51.7400   144.0
51.7600   139.0
51.7800   119.0
51.8000   132.0
51.8200   154.0
51.8400   142.0
51.8600   137.0
51.8800   130.0
51.9000   104.0
51.9200   128.0
51.9400   123.0
51.9600   130.0
51.9800   114.0
52.0000   128.0
52.0200   137.0
52.0400   137.0
52.0600   119.0
52.0800   123.0
52.1000   149.0
52.1200   119.0
52.1400   121.0
52.1600   135.0
52.1800   114.0
52.2000   119.0
52.2200   123.0
52.2400   139.0
52.2600   154.0
52.2800   130.0
52.3000   139.0
52.3200   121.0
52.3400   151.0
52.3600   119.0
52.3800   146.0
52.4000   144.0
52.4200   166.0
52.4400   130.0
52.4600   154.0
52.4800   196.0
52.5000   169.0
52.5200   188.0
52.5400   177.0
52.5600   216.0
52.5800   225.0
52.6000   234.0
52.6200   282.0
52.6400   353.0
52.6600   392.0
52.6800   548.0
52.7000   729.0
52.7200   1030.0
52.7400   1129.0
52.7600   1136.0
52.7800   930.0
52.8000   640.0
52.8200   562.0
52.8400   610.0
52.8600   713.0
52.8800   724.0
52.9000   686.0
52.9200   520.0
52.9400   449.0
52.9600   320.0
52.9800   313.0
53.0000   335.0
53.0200   331.0
53.0400   369.0
53.0600   361.0
53.0800   292.0
53.1000   253.0
53.1200   246.0
53.1400   228.0
53.1600   243.0
53.1800   222.0
53.2000   225.0
53.2200   219.0
53.2400   185.0
53.2600   169.0
53.2800   174.0
53.3000   130.0
53.3200   169.0
53.3400   123.0
53.3600   154.0
53.3800   161.0
53.4000   144.0
53.4200   130.0
53.4400   149.0
53.4600   144.0
53.4800   144.0
53.5000   132.0
53.5200   156.0
53.5400   164.0
53.5600   132.0
53.5800   139.0
53.6000   172.0
53.6200   151.0
53.6400   172.0
53.6600   159.0
53.6800   161.0
53.7000   156.0
53.7200   161.0
53.7400   182.0
53.7600   193.0
53.7800   174.0
53.8000   193.0
53.8200   216.0
53.8400   199.0
53.8600   219.0
53.8800   213.0
53.9000   216.0
53.9200   199.0
53.9400   222.0
53.9600   228.0
53.9800   207.0
54.0000   222.0
54.0200   202.0
54.0400   188.0
54.0600   188.0
54.0800   216.0
54.1000   199.0
54.1200   182.0
54.1400   164.0
54.1600   164.0
54.1800   161.0
54.2000   166.0
54.2200   164.0
54.2400   146.0
54.2600   151.0
54.2800   149.0
54.3000   159.0
54.3200   164.0
54.3400   149.0
54.3600   137.0
54.3800   144.0
54.4000   108.0
54.4200   144.0
54.4400   159.0
54.4600   144.0
54.4800   130.0
54.5000   123.0
54.5200   135.0
54.5400   130.0
54.5600   130.0
54.5800   130.0
54.6000   149.0
54.6200   144.0
54.6400   142.0
54.6600   137.0
54.6800   130.0
54.7000   123.0
54.7200   142.0
54.7400   154.0
54.7600   132.0
54.7800   156.0
54.8000   132.0
54.8200   144.0
54.8400   161.0
54.8600   154.0
54.8800   149.0
54.9000   142.0
54.9200   154.0
54.9400   149.0
54.9600   149.0
54.9800   159.0
55.0000   174.0
55.0200   161.0
55.0400   169.0
55.0600   188.0
55.0800   169.0
55.1000   185.0
55.1200   177.0
55.1400   210.0
55.1600   228.0
55.1800   253.0
55.2000   266.0
55.2200   282.0
55.2400   313.0
55.2600   317.0
55.2800   404.0
55.3000   380.0
55.3200   404.0
55.3400   392.0
55.3600   506.0
55.3800   515.0
55.4000   600.0
55.4200   790.0
55.4400   961.0
55.4600   1340.0
55.4800   1815.0
55.5000   2621.0
55.5200   3576.0
55.5400   4775.0
55.5600   5055.0
55.5800   3697.0
55.6000   2470.0
55.6200   1823.0
55.6400   1781.0
55.6600   2153.0
55.6800   2411.0
55.7000   2809.0
55.7200   2411.0
55.7400   1576.0
55.7600   1109.0
55.7800   882.0
55.8000   740.0
55.8200   756.0
55.8400   818.0
55.8600   841.0
55.8800   912.0
55.9000   784.0
55.9200   586.0
55.9400   506.0
55.9600   497.0
55.9800   471.0
56.0000   520.0
56.0200   605.0
56.0400   610.0
56.0600   475.0
56.0800   428.0
56.1000   416.0
56.1200   392.0
56.1400   408.0
56.1600   420.0
56.1800   471.0
56.2000   511.0
56.2200   548.0
56.2400   645.0
56.2600   876.0
56.2800   1116.0
56.3000   1584.0
56.3200   2153.0
56.3400   2927.0
56.3600   3648.0
56.3800   3528.0
56.4000   2673.0
56.4200   1823.0
56.4400   1475.0
56.4600   1475.0
56.4800   1731.0
56.5000   2025.0
56.5200   2144.0
56.5400   1945.0
56.5600   1459.0
56.5800   1043.0
56.6000   835.0
56.6200   853.0
56.6400   1024.0
56.6600   1225.0
56.6800   1656.0
56.7000   2016.0
56.7200   2294.0
56.7400   2098.0
56.7600   1325.0
56.7800   1056.0
56.8000   864.0
56.8200   882.0
56.8400   1076.0
56.8600   1260.0
56.8800   1260.0
56.9000   973.0
56.9200   702.0
56.9400   515.0
56.9600   388.0
56.9800   380.0
57.0000   306.0
57.0200   262.0
57.0400   246.0
57.0600   250.0
57.0800   262.0
57.1000   210.0
57.1200   237.0
57.1400   240.0
57.1600   253.0
57.1800   253.0
57.2000   289.0
57.2200   331.0
57.2400   392.0
57.2600   441.0
57.2800   562.0
57.3000   671.0
57.3200   610.0
57.3400   493.0
57.3600   376.0
57.3800   328.0
57.4000   331.0
57.4200   369.0
57.4400   400.0
57.4600   437.0
57.4800   388.0
57.5000   317.0
57.5200   250.0
57.5400   237.0
57.5600   193.0
57.5800   199.0
57.6000   202.0
57.6200   185.0
57.6400   190.0
57.6600   177.0
57.6800   169.0
57.7000   199.0
57.7200   202.0
57.7400   210.0
57.7600   177.0
57.7800   204.0
57.8000   202.0
57.8200   237.0
57.8400   259.0
57.8600   253.0
57.8800   310.0
57.9000   335.0
57.9200   428.0
57.9400   520.0
57.9600   729.0
57.9800   942.0
58.0000   1340.0
58.0200   1714.0
58.0400   1592.0
58.0600   1122.0
58.0800   784.0
58.1000   671.0
58.1200   713.0
58.1400   784.0
58.1600   882.0
58.1800   1056.0
58.2000   973.0
58.2200   740.0
58.2400   630.0
58.2600   538.0
58.2800   610.0
58.3000   615.0
58.3200   729.0
58.3400   864.0
58.3600   1170.0
58.3800   1475.0
58.4000   1945.0
58.4200   1945.0
58.4400   1560.0
58.4600   1109.0
58.4800   1043.0
58.5000   1050.0
58.5200   1225.0
58.5400   1505.0
58.5600   1840.0
58.5800   1849.0
58.6000   1384.0
58.6200   930.0
58.6400   734.0
58.6600   600.0
58.6800   610.0
58.7000   660.0
58.7200   635.0
58.7400   610.0
58.7600   484.0
58.7800   384.0
58.8000   286.0
58.8200   259.0
58.8400   231.0
58.8600   213.0
58.8800   225.0
58.9000   174.0
58.9200   164.0
58.9400   190.0
58.9600   166.0
58.9800   142.0
59.0000   164.0
59.0200   180.0
59.0400   144.0
59.0600   137.0
59.0800   149.0
59.1000   151.0
59.1200   154.0
59.1400   137.0
59.1600   137.0
59.1800   142.0
59.2000   151.0
59.2200   130.0
59.2400   132.0
59.2600   149.0
59.2800   112.0
59.3000   132.0
59.3200   130.0
59.3400   132.0
59.3600   125.0
59.3800   117.0
59.4000   104.0
59.4200   121.0
59.4400   110.0
59.4600   132.0
59.4800   125.0
59.5000   106.0
59.5200   100.0
59.5400   86.0
59.5600   121.0
59.5800   98.0
59.6000   132.0
59.6200   110.0
59.6400   130.0
59.6600   98.0
59.6800   110.0
59.7000   108.0
59.7200   112.0
59.7400   112.0
59.7600   128.0
59.7800   104.0
59.8000   128.0
59.8200   137.0
59.8400   114.0
59.8600   104.0
59.8800   106.0
59.9000   110.0
59.9200   102.0
59.9400   102.0
59.9600   108.0
59.9800   110.0
60.0000   100.0
60.0200   104.0
60.0400   96.0
60.0600   125.0
60.0800   104.0
60.1000   92.0
60.1200   83.0
60.1400   112.0
60.1600   108.0
60.1800   96.0
60.2000   119.0
60.2200   104.0
60.2400   102.0
60.2600   100.0
60.2800   110.0
60.3000   108.0
60.3200   102.0
60.3400   110.0
60.3600   100.0
60.3800   98.0
60.4000   121.0
60.4200   121.0
60.4400   92.0
60.4600   100.0
60.4800   112.0
60.5000   117.0
60.5200   108.0
60.5400   90.0
60.5600   121.0
60.5800   110.0
60.6000   112.0
60.6200   108.0
60.6400   117.0
60.6600   128.0
60.6800   104.0
60.7000   114.0
60.7200   123.0
60.7400   128.0
60.7600   130.0
60.7800   139.0
60.8000   128.0
60.8200   123.0
60.8400   123.0
60.8600   132.0
60.8800   108.0
60.9000   137.0
60.9200   149.0
60.9400   137.0
60.9600   130.0
60.9800   142.0
61.0000   144.0
61.0200   128.0
61.0400   146.0
61.0600   139.0
61.0800   164.0
61.1000   146.0
61.1200   156.0
61.1400   169.0
61.1600   193.0
61.1800   216.0
61.2000   266.0
61.2200   282.0
61.2400   388.0
61.2600   590.0
61.2800   676.0
61.3000   745.0
61.3200   515.0
61.3400   376.0
61.3600   286.0
61.3800   269.0
61.4000   317.0
61.4200   388.0
61.4400   392.0
61.4600   458.0
61.4800   380.0
61.5000   339.0
61.5200   299.0
61.5400   246.0
61.5600   222.0
61.5800   174.0
61.6000   188.0
61.6200   169.0
61.6400   151.0
61.6600   161.0
61.6800   177.0
61.7000   139.0
61.7200   144.0
61.7400   144.0
61.7600   142.0
61.7800   130.0
61.8000   132.0
61.8200   123.0
61.8400   142.0
61.8600   123.0
61.8800   117.0
61.9000   144.0
61.9200   137.0
61.9400   119.0
61.9600   135.0
61.9800   119.0
62.0000   135.0
62.0200   125.0
62.0400   137.0
62.0600   125.0
62.0800   149.0
62.1000   119.0
62.1200   114.0
62.1400   135.0
62.1600   112.0
62.1800   142.0
62.2000   119.0
62.2200   142.0
62.2400   154.0
62.2600   137.0
62.2800   164.0
62.3000   188.0
62.3200   204.0
62.3400   246.0
62.3600   299.0
62.3800   353.0
62.4000   420.0
62.4200   480.0
62.4400   428.0
62.4600   320.0
62.4800   246.0
62.5000   253.0
62.5200   234.0
62.5400   282.0
62.5600   286.0
62.5800   331.0
62.6000   313.0
62.6200   324.0
62.6400   299.0
62.6600   259.0
62.6800   259.0
62.7000   231.0
62.7200   231.0
62.7400   159.0
62.7600   154.0
62.7800   202.0
62.8000   161.0
62.8200   185.0
62.8400   174.0
62.8600   188.0
62.8800   164.0
62.9000   135.0
62.9200   128.0
62.9400   146.0
62.9600   164.0
62.9800   130.0
63.0000   144.0
63.0200   149.0
63.0400   137.0
63.0600   130.0
63.0800   135.0
63.1000   164.0
63.1200   154.0
63.1400   137.0
63.1600   139.0
63.1800   114.0
63.2000   137.0
63.2200   146.0
63.2400   151.0
63.2600   130.0
63.2800   146.0
63.3000   112.0
63.3200   130.0
63.3400   119.0
63.3600   130.0
63.3800   121.0
63.4000   125.0
63.4200   135.0
63.4400   123.0
63.4600   146.0
63.4800   169.0
63.5000   156.0
63.5200   144.0
63.5400   149.0
63.5600   166.0
63.5800   151.0
63.6000   149.0
63.6200   146.0
63.6400   149.0
63.6600   180.0
63.6800   185.0
63.7000   193.0
63.7200   185.0
63.7400   266.0
63.7600   306.0
63.7800   372.0
63.8000   538.0
63.8200   864.0
63.8400   1183.0
63.8600   1482.0
63.8800   1211.0
63.9000   824.0
63.9200   538.0
63.9400   441.0
63.9600   357.0
63.9800   412.0
64.0000   600.0
64.0200   740.0
64.0400   888.0
64.0600   708.0
64.0800   462.0
64.1000   320.0
64.1200   276.0
64.1400   210.0
64.1600   159.0
64.1800   144.0
64.2000   142.0
64.2200   149.0
64.2400   137.0
64.2600   142.0
64.2800   119.0
64.3000   123.0
64.3200   119.0
64.3400   146.0
64.3600   130.0
64.3800   104.0
64.4000   119.0
64.4200   106.0
64.4400   110.0
64.4600   104.0
64.4800   121.0
64.5000   94.0
64.5200   102.0
64.5400   104.0
64.5600   92.0
64.5800   104.0
64.6000   132.0
64.6200   112.0
64.6400   106.0
64.6600   96.0
64.6800   104.0
64.7000   117.0
64.7200   94.0
64.7400   100.0
64.7600   112.0
64.7800   100.0
64.8000   135.0
64.8200   102.0
64.8400   94.0
64.8600   110.0
64.8800   96.0
64.9000   102.0
64.9200   102.0
64.9400   102.0
64.9600   114.0
64.9800   123.0
65.0000   108.0
65.0200   104.0
65.0400   94.0
65.0600   77.0
65.0800   102.0
65.1000   104.0
65.1200   125.0
65.1400   90.0
65.1600   98.0
65.1800   90.0
65.2000   104.0
65.2200   104.0
65.2400   112.0
65.2600   85.0
65.2800   100.0
65.3000   106.0
65.3200   100.0
65.3400   119.0
65.3600   81.0
65.3800   98.0
65.4000   104.0
65.4200   106.0
65.4400   117.0
65.4600   100.0
65.4800   102.0
65.5000   104.0
65.5200   104.0
65.5400   96.0
65.5600   121.0
65.5800   94.0
65.6000   102.0
65.6200   117.0
65.6400   119.0
65.6600   123.0
65.6800   102.0
65.7000   130.0
65.7200   123.0
65.7400   125.0
65.7600   125.0
65.7800   117.0
65.8000   132.0
65.8200   128.0
65.8400   139.0
65.8600   144.0
65.8800   172.0
65.9000   193.0
65.9200   266.0
65.9400   339.0
65.9600   424.0
65.9800   625.0
66.0000   812.0
66.0200   894.0
66.0400   713.0
66.0600   437.0
66.0800   339.0
66.1000   317.0
66.1200   299.0
66.1400   342.0
66.1600   384.0
66.1800   502.0
66.2000   515.0
66.2200   400.0
66.2400   299.0
66.2600   231.0
66.2800   182.0
66.3000   199.0
66.3200   159.0
66.3400   135.0
66.3600   135.0
66.3800   132.0
66.4000   144.0
66.4200   106.0
66.4400   112.0
66.4600   130.0
66.4800   121.0
66.5000   137.0
66.5200   114.0
66.5400   117.0
66.5600   94.0
66.5800   108.0
66.6000   119.0
66.6200   104.0
66.6400   106.0
66.6600   108.0
66.6800   117.0
66.7000   108.0
66.7200   108.0
66.7400   121.0
66.7600   85.0
66.7800   128.0
66.8000   98.0
66.8200   100.0
66.8400   123.0
66.8600   114.0
66.8800   114.0
66.9000   90.0
66.9200   121.0
66.9400   98.0
66.9600   112.0
66.9800   117.0
67.0000   123.0
67.0200   119.0
67.0400   137.0
67.0600   139.0
67.0800   121.0
67.1000   130.0
67.1200   121.0
67.1400   142.0
67.1600   121.0
67.1800   144.0
67.2000   142.0
67.2200   159.0
67.2400   169.0
67.2600   154.0
67.2800   164.0
67.3000   204.0
67.3200   204.0
67.3400   188.0
67.3600   210.0
67.3800   207.0
67.4000   231.0
67.4200   269.0
67.4400   372.0
67.4600   416.0
67.4800   581.0
67.5000   767.0
67.5200   1043.0
67.5400   1296.0
67.5600   1600.0
67.5800   1513.0
67.6000   1102.0
67.6200   864.0
67.6400   600.0
67.6600   548.0
67.6800   576.0
67.7000   635.0
67.7200   795.0
67.7400   912.0
67.7600   876.0
67.7800   818.0
67.8000   543.0
67.8200   404.0
67.8400   320.0
67.8600   276.0
67.8800   222.0
67.9000   216.0
67.9200   196.0
67.9400   188.0
67.9600   177.0
67.9800   172.0
68.0000   154.0
68.0200   142.0
68.0400   149.0
68.0600   149.0
68.0800   128.0
68.1000   112.0
68.1200   125.0
68.1400   139.0
68.1600   128.0
68.1800   144.0
68.2000   132.0
68.2200   119.0
68.2400   114.0
68.2600   130.0
68.2800   112.0
68.3000   123.0
68.3200   119.0
68.3400   121.0
68.3600   125.0
68.3800   137.0
68.4000   142.0
68.4200   114.0
68.4400   104.0
68.4600   112.0
68.4800   125.0
68.5000   119.0
68.5200   144.0
68.5400   121.0
68.5600   112.0
68.5800   90.0
68.6000   106.0
68.6200   123.0
68.6400   121.0
68.6600   108.0
68.6800   102.0
68.7000   121.0
68.7200   121.0
68.7400   106.0
68.7600   123.0
68.7800   117.0
68.8000   128.0
68.8200   112.0
68.8400   108.0
68.8600   98.0
68.8800   106.0
68.9000   96.0
68.9200   106.0
68.9400   117.0
68.9600   128.0
68.9800   102.0
69.0000   108.0
69.0200   121.0
69.0400   102.0
69.0600   100.0
69.0800   110.0
69.1000   110.0
69.1200   94.0
69.1400   112.0
69.1600   108.0
69.1800   106.0
69.2000   104.0
69.2200   102.0
69.2400   112.0
69.2600   102.0
69.2800   121.0
69.3000   123.0
69.3200   94.0
69.3400   123.0
69.3600   123.0
69.3800   104.0
69.4000   114.0
69.4200   142.0
69.4400   128.0
69.4600   121.0
69.4800   123.0
69.5000   146.0
69.5200   156.0
69.5400   159.0
69.5600   174.0
69.5800   180.0
69.6000   234.0
69.6200   296.0
69.6400   350.0
69.6600   441.0
69.6800   408.0
69.7000   342.0
69.7200   240.0
69.7400   240.0
69.7600   282.0
69.7800   231.0
69.8000   306.0
69.8200   392.0
69.8400   462.0
69.8600   640.0
69.8800   756.0
69.9000   708.0
69.9200   571.0
69.9400   412.0
69.9600   286.0
69.9800   250.0
70.0000   303.0
70.0200   313.0
70.0400   372.0
70.0600   437.0
70.0800   534.0
70.1000   493.0
70.1200   408.0
70.1400   328.0
70.1600   228.0
70.1800   216.0
70.2000   188.0
70.2200   174.0
70.2400   177.0
70.2600   202.0
70.2800   216.0
70.3000   185.0
70.3200   188.0
70.3400   172.0
70.3600   135.0
70.3800   159.0
70.4000   132.0
70.4200   146.0
70.4400   130.0
70.4600   114.0
70.4800   125.0
70.5000   123.0
70.5200   144.0
70.5400   117.0
70.5600   137.0
70.5800   112.0
70.6000   114.0
70.6200   128.0
70.6400   92.0
70.6600   121.0
70.6800   106.0
70.7000   121.0
70.7200   104.0
70.7400   110.0
70.7600   130.0
70.7800   117.0
70.8000   137.0
70.8200   98.0
70.8400   114.0
70.8600   117.0
70.8800   119.0
70.9000   123.0
70.9200   121.0
70.9400   106.0
70.9600   125.0
70.9800   119.0
71.0000   114.0
71.0200   130.0
71.0400   121.0
71.0600   117.0
71.0800   130.0
71.1000   110.0
71.1200   121.0
71.1400   108.0
71.1600   112.0
71.1800   121.0
71.2000   146.0
71.2200   132.0
71.2400   123.0
71.2600   125.0
71.2800   123.0
71.3000   137.0
71.3200   117.0
71.3400   132.0
71.3600   121.0
71.3800   142.0
71.4000   154.0
71.4200   172.0
71.4400   137.0
71.4600   164.0
71.4800   190.0
71.5000   207.0
71.5200   196.0
71.5400   188.0
71.5600   228.0
71.5800   204.0
71.6000   237.0
71.6200   216.0
71.6400   276.0
71.6600   350.0
71.6800   342.0
71.7000   471.0
71.7200   557.0
71.7400   740.0
71.7600   992.0
71.7800   1332.0
71.8000   1592.0
71.8200   1490.0
71.8400   1142.0
71.8600   876.0
71.8800   595.0
71.9000   566.0
71.9200   506.0
71.9400   529.0
71.9600   650.0
71.9800   740.0
72.0000   807.0
72.0200   858.0
72.0400   740.0
72.0600   595.0
72.0800   396.0
72.1000   310.0
72.1200   266.0
72.1400   243.0
72.1600   193.0
72.1800   207.0
72.2000   193.0
72.2200   222.0
72.2400   196.0
72.2600   161.0
72.2800   164.0
72.3000   146.0
72.3200   149.0
72.3400   144.0
72.3600   146.0
72.3800   137.0
72.4000   156.0
72.4200   149.0
72.4400   139.0
72.4600   154.0
72.4800   161.0
72.5000   174.0
72.5200   156.0
72.5400   182.0
72.5600   213.0
72.5800   296.0
72.6000   331.0
72.6200   458.0
72.6400   475.0
72.6600   467.0
72.6800   369.0
72.7000   299.0
72.7200   210.0
72.7400   207.0
72.7600   210.0
72.7800   199.0
72.8000   210.0
72.8200   266.0
72.8400   306.0
72.8600   292.0
72.8800   262.0
72.9000   210.0
72.9200   164.0
72.9400   169.0
72.9600   149.0
72.9800   130.0
73.0000   135.0
73.0200   132.0
73.0400   123.0
73.0600   106.0
73.0800   142.0
73.1000   123.0
73.1200   135.0
73.1400   96.0
73.1600   119.0
73.1800   108.0
73.2000   121.0
73.2200   121.0
73.2400   98.0
73.2600   102.0
73.2800   130.0
73.3000   130.0
73.3200   98.0
73.3400   104.0
73.3600   112.0
73.3800   117.0
73.4000   125.0
73.4200   106.0
73.4400   114.0
73.4600   112.0
73.4800   117.0
73.5000   128.0
73.5200   123.0
73.5400   142.0
73.5600   128.0
73.5800   166.0
73.6000   164.0
73.6200   193.0
73.6400   250.0
73.6600   237.0
73.6800   222.0
73.7000   234.0
73.7200   190.0
73.7400   172.0
73.7600   137.0
73.7800   146.0
73.8000   193.0
73.8200   174.0
73.8400   174.0
73.8600   185.0
73.8800   202.0
73.9000   210.0
73.9200   237.0
73.9400   204.0
73.9600   213.0
73.9800   180.0
74.0000   164.0
74.0200   156.0
74.0400   159.0
74.0600   149.0
74.0800   154.0
74.1000   144.0
74.1200   161.0
74.1400   159.0
74.1600   204.0
74.1800   196.0
74.2000   172.0
74.2200   190.0
74.2400   213.0
74.2600   213.0
74.2800   250.0
74.3000   292.0
74.3200   339.0
74.3400   408.0
74.3600   548.0
74.3800   640.0
74.4000   655.0
74.4200   520.0
74.4400   475.0
74.4600   317.0
74.4800   292.0
74.5000   282.0
74.5200   262.0
74.5400   276.0
74.5600   292.0
74.5800   369.0
74.6000   400.0
74.6200   350.0
74.6400   296.0
74.6600   282.0
74.6800   234.0
74.7000   210.0
74.7200   188.0
74.7400   154.0
74.7600   132.0
74.7800   149.0
74.8000   121.0
74.8200   139.0
74.8400   125.0
74.8600   112.0
74.8800   130.0
74.9000   123.0
74.9200   130.0
74.9400   119.0
74.9600   106.0
74.9800   121.0
75.0000   121.0
75.0200   102.0
75.0400   102.0
75.0600   119.0
75.0800   123.0
75.1000   117.0
75.1200   117.0
75.1400   123.0
75.1600   121.0
75.1800   112.0
75.2000   135.0
75.2200   135.0
75.2400   130.0
75.2600   128.0
75.2800   123.0
75.3000   142.0
75.3200   137.0
75.3400   144.0
75.3600   149.0
75.3800   156.0
75.4000   199.0
75.4200   204.0
75.4400   222.0
75.4600   289.0
75.4800   357.0
75.5000   484.0
75.5200   520.0
75.5400   524.0
75.5600   493.0
75.5800   376.0
75.6000   303.0
75.6200   240.0
75.6400   246.0
75.6600   250.0
75.6800   253.0
75.7000   292.0
75.7200   317.0
75.7400   369.0
75.7600   328.0
75.7800   320.0
75.8000   282.0
75.8200   210.0
75.8400   199.0
75.8600   174.0
75.8800   144.0
75.9000   154.0
75.9200   149.0
75.9400   154.0
75.9600   139.0
75.9800   132.0
76.0000   117.0
76.0200   128.0
76.0400   149.0
76.0600   98.0
76.0800   121.0
76.1000   125.0
76.1200   108.0
76.1400   106.0
76.1600   125.0
76.1800   117.0
76.2000   112.0
76.2200   102.0
76.2400   106.0
76.2600   96.0
76.2800   110.0
76.3000   117.0
76.3200   108.0
76.3400   130.0
76.3600   135.0
76.3800   132.0
76.4000   154.0
76.4200   139.0
76.4400   177.0
76.4600   177.0
76.4800   144.0
76.5000   144.0
76.5200   119.0
76.5400   139.0
76.5600   123.0
76.5800   135.0
76.6000   125.0
76.6200   130.0
76.6400   154.0
76.6600   154.0
76.6800   123.0
76.7000   139.0
76.7200   135.0
76.7400   112.0
76.7600   130.0
76.7800   125.0
76.8000   114.0
76.8200   104.0
76.8400   112.0
76.8600   102.0
76.8800   119.0
76.9000   98.0
76.9200   110.0
76.9400   119.0
76.9600   123.0
76.9800   85.0
77.0000   110.0
77.0200   108.0
77.0400   117.0
77.0600   119.0
77.0800   100.0
77.1000   130.0
77.1200   112.0
77.1400   112.0
77.1600   123.0
77.1800   102.0
77.2000   110.0
77.2200   117.0
77.2400   104.0
77.2600   117.0
77.2800   128.0
77.3000   102.0
77.3200   108.0
77.3400   102.0
77.3600   100.0
77.3800   121.0
77.4000   110.0
77.4200   117.0
77.4400   119.0
77.4600   119.0
77.4800   130.0
77.5000   121.0
77.5200   108.0
77.5400   137.0
77.5600   137.0
77.5800   117.0
77.6000   110.0
77.6200   98.0
77.6400   142.0
77.6600   119.0
77.6800   121.0
77.7000   102.0
77.7200   130.0
77.7400   121.0
77.7600   123.0
77.7800   112.0
77.8000   108.0
77.8200   130.0
77.8400   135.0
77.8600   108.0
77.8800   121.0
77.9000   164.0
77.9200   159.0
77.9400   199.0
77.9600   177.0
77.9800   177.0
78.0000   180.0
78.0200   144.0
78.0400   149.0
78.0600   137.0
78.0800   146.0
78.1000   161.0
78.1200   188.0
78.1400   246.0
78.1600   256.0
78.1800   299.0
78.2000   428.0
78.2200   475.0
78.2400   515.0
78.2600   428.0
78.2800   328.0
78.3000   269.0
78.3200   234.0
78.3400   213.0
78.3600   216.0
78.3800   234.0
78.4000   250.0
78.4200   279.0
78.4400   313.0
78.4600   324.0
78.4800   310.0
78.5000   259.0
78.5200   262.0
78.5400   246.0
78.5600   246.0
78.5800   210.0
78.6000   228.0
78.6200   310.0
78.6400   303.0
78.6600   388.0
78.6800   475.0
78.7000   458.0
78.7200   454.0
78.7400   400.0
78.7600   404.0
78.7800   412.0
78.8000   538.0
78.8200   773.0
78.8400   1037.0
78.8600   1136.0
78.8800   876.0
78.9000   692.0
78.9200   586.0
78.9400   462.0
78.9600   396.0
78.9800   369.0
79.0000   317.0
79.0200   384.0
79.0400   475.0
79.0600   488.0
79.0800   566.0
79.1000   590.0
79.1200   467.0
79.1400   331.0
79.1600   272.0
79.1800   234.0
79.2000   204.0
79.2200   180.0
79.2400   180.0
79.2600   166.0
79.2800   156.0
79.3000   159.0
79.3200   112.0
79.3400   125.0
79.3600   132.0
79.3800   139.0
79.4000   139.0
79.4200   135.0
79.4400   104.0
79.4600   130.0
79.4800   137.0
79.5000   125.0
79.5200   137.0
79.5400   146.0
79.5600   144.0
79.5800   154.0
79.6000   144.0
79.6200   151.0
79.6400   166.0
79.6600   132.0
79.6800   144.0
79.7000   166.0
79.7200   151.0
79.7400   164.0
79.7600   149.0
79.7800   182.0
79.8000   174.0
79.8200   202.0
79.8400   199.0
79.8600   207.0
79.8800   259.0
79.9000   269.0
79.9200   299.0
79.9400   380.0
79.9600   433.0
79.9800   538.0
80.0000   697.0
80.0200   876.0
80.0400   1024.0
80.0600   888.0
80.0800   767.0
80.1000   552.0
80.1200   467.0
80.1400   404.0
80.1600   361.0
80.1800   384.0
80.2000   392.0
80.2200   408.0
80.2400   480.0
80.2600   524.0
80.2800   576.0
80.3000   571.0
80.3200   428.0
80.3400   324.0
80.3600   303.0
80.3800   262.0
80.4000   199.0
80.4200   174.0
80.4400   169.0
80.4600   164.0
80.4800   159.0
80.5000   159.0
80.5200   161.0
80.5400   156.0
80.5600   142.0
80.5800   142.0
80.6000   137.0
80.6200   169.0
80.6400   130.0
80.6600   125.0
80.6800   125.0
80.7000   119.0
80.7200   130.0
80.7400   110.0
80.7600   139.0
80.7800   119.0
80.8000   108.0
80.8200   106.0
80.8400   139.0
80.8600   121.0
80.8800   96.0
80.9000   108.0
80.9200   88.0
80.9400   117.0
80.9600   114.0
80.9800   98.0
81.0000   98.0
81.0200   110.0
81.0400   110.0
81.0600   117.0
81.0800   102.0
81.1000   106.0
81.1200   106.0
81.1400   119.0
81.1600   112.0
81.1800   108.0
81.2000   92.0
81.2200   92.0
81.2400   104.0
81.2600   114.0
81.2800   121.0
81.3000   96.0
81.3200   121.0
81.3400   119.0
81.3600   114.0
81.3800   100.0
81.4000   117.0
81.4200   106.0
81.4400   110.0
81.4600   102.0
81.4800   102.0
81.5000   125.0
81.5200   88.0
81.5400   100.0
81.5600   132.0
81.5800   98.0
81.6000   110.0
81.6200   117.0
81.6400   106.0
81.6600   123.0
81.6800   110.0
81.7000   121.0
81.7200   125.0
81.7400   121.0
81.7600   130.0
81.7800   110.0
81.8000   149.0
81.8200   121.0
81.8400   132.0
81.8600   119.0
81.8800   135.0
81.9000   121.0
81.9200   146.0
81.9400   144.0
81.9600   161.0
81.9800   159.0
82.0000   166.0
82.0200   172.0
82.0400   154.0
82.0600   172.0
82.0800   180.0
82.1000   216.0
82.1200   207.0
82.1400   237.0
82.1600   259.0
82.1800   310.0
82.2000   392.0
82.2200   511.0
82.2400   635.0
82.2600   807.0
82.2800   918.0
82.3000   858.0
82.3200   666.0
82.3400   502.0
82.3600   428.0
82.3800   342.0
82.4000   350.0
82.4200   361.0
82.4400   342.0
82.4600   396.0
82.4800   412.0
82.5000   511.0
82.5200   520.0
82.5400   562.0
82.5600   480.0
82.5800   404.0
82.6000   320.0
82.6200   328.0
82.6400   286.0
82.6600   342.0
82.6800   353.0
82.7000   416.0
82.7200   408.0
82.7400   353.0
82.7600   317.0
82.7800   253.0
82.8000   240.0
82.8200   216.0
82.8400   222.0
82.8600   193.0
82.8800   202.0
82.9000   219.0
82.9200   219.0
82.9400   262.0
82.9600   289.0
82.9800   286.0
83.0000   310.0
83.0200   353.0
83.0400   365.0
83.0600   380.0
83.0800   392.0
83.1000   339.0
83.1200   262.0
83.1400   228.0
83.1600   228.0
83.1800   207.0
83.2000   196.0
83.2200   204.0
83.2400   199.0
83.2600   190.0
83.2800   202.0
83.3000   234.0
83.3200   240.0
83.3400   243.0
83.3600   228.0
83.3800   213.0
83.4000   207.0
83.4200   188.0
83.4400   196.0
83.4600   188.0
83.4800   188.0
83.5000   207.0
83.5200   243.0
83.5400   276.0
83.5600   365.0
83.5800   420.0
83.6000   552.0
83.6200   506.0
83.6400   454.0
83.6600   376.0
83.6800   303.0
83.7000   256.0
83.7200   225.0
83.7400   240.0
83.7600   262.0
83.7800   269.0
83.8000   292.0
83.8200   320.0
83.8400   384.0
83.8600   454.0
83.8800   420.0
83.9000   428.0
83.9200   449.0
83.9400   480.0
83.9600   562.0
83.9800   625.0
84.0000   718.0
84.0200   697.0
84.0400   708.0
84.0600   581.0
84.0800   462.0
84.1000   388.0
84.1200   350.0
84.1400   320.0
84.1600   272.0
84.1800   320.0
84.2000   353.0
84.2200   384.0
84.2400   380.0
84.2600   404.0
84.2800   424.0
84.3000   408.0
84.3200   331.0
84.3400   276.0
84.3600   276.0
84.3800   228.0
84.4000   193.0
84.4200   182.0
84.4400   213.0
84.4600   193.0
84.4800   246.0
84.5000   219.0
84.5200   289.0
84.5400   320.0
84.5600   380.0
84.5800   350.0
84.6000   266.0
84.6200   246.0
84.6400   219.0
84.6600   180.0
84.6800   188.0
84.7000   177.0
84.7200   159.0
84.7400   159.0
84.7600   164.0
84.7800   219.0
84.8000   216.0
84.8200   246.0
84.8400   213.0
84.8600   180.0
84.8800   182.0
84.9000   137.0
84.9200   130.0
84.9400   137.0
84.9600   132.0
84.9800   132.0
85.0000   135.0
85.0200   123.0
85.0400   110.0
85.0600   102.0
85.0800   128.0
85.1000   100.0
85.1200   135.0
85.1400   117.0
85.1600   119.0
85.1800   110.0
85.2000   123.0
85.2200   94.0
85.2400   104.0
85.2600   106.0
85.2800   100.0
85.3000   96.0
85.3200   102.0
85.3400   119.0
85.3600   117.0
85.3800   96.0
85.4000   86.0
85.4200   92.0
85.4400   86.0
85.4600   112.0
85.4800   102.0
85.5000   100.0
85.5200   104.0
85.5400   106.0
85.5600   110.0
85.5800   90.0
85.6000   108.0
85.6200   102.0
85.6400   106.0
85.6600   100.0
85.6800   110.0
85.7000   98.0
85.7200   106.0
85.7400   98.0
85.7600   86.0
85.7800   123.0
85.8000   106.0
85.8200   100.0
85.8400   96.0
85.8600   104.0
85.8800   108.0
85.9000   94.0
85.9200   96.0
85.9400   90.0
85.9600   125.0
85.9800   106.0
86.0000   104.0
86.0200   125.0
86.0400   98.0
86.0600   106.0
86.0800   125.0
86.1000   130.0
86.1200   123.0
86.1400   121.0
86.1600   149.0
86.1800   161.0
86.2000   156.0
86.2200   149.0
86.2400   139.0
86.2600   142.0
86.2800   112.0
86.3000   117.0
86.3200   117.0
86.3400   117.0
86.3600   112.0
86.3800   121.0
86.4000   128.0
86.4200   128.0
86.4400   130.0
86.4600   164.0
86.4800   156.0
86.5000   108.0
86.5200   132.0
86.5400   114.0
86.5600   135.0
86.5800   130.0
86.6000   139.0
86.6200   156.0
86.6400   156.0
86.6600   159.0
86.6800   185.0
86.7000   246.0
86.7200   296.0
86.7400   365.0
86.7600   449.0
86.7800   412.0
86.8000   331.0
86.8200   262.0
86.8400   225.0
86.8600   188.0
86.8800   185.0
86.9000   177.0
86.9200   180.0
86.9400   190.0
86.9600   213.0
86.9800   222.0
87.0000   250.0
87.0200   324.0
87.0400   269.0
87.0600   234.0
87.0800   225.0
87.1000   207.0
87.1200   188.0
87.1400   188.0
87.1600   151.0
87.1800   154.0
87.2000   144.0
87.2200   151.0
87.2400   182.0
87.2600   234.0
87.2800   207.0
87.3000   237.0
87.3200   289.0
87.3400   361.0
87.3600   437.0
87.3800   388.0
87.4000   365.0
87.4200   272.0
87.4400   243.0
87.4600   202.0
87.4800   180.0
87.5000   177.0
87.5200   182.0
87.5400   213.0
87.5600   193.0
87.5800   243.0
87.6000   276.0
87.6200   306.0
87.6400   331.0
87.6600   269.0
87.6800   269.0
87.7000   216.0
87.7200   259.0
87.7400   180.0
87.7600   202.0
87.7800   190.0
87.8000   213.0
87.8200   199.0
87.8400   196.0
87.8600   210.0
87.8800   213.0
87.9000   190.0
87.9200   210.0
87.9400   222.0
87.9600   234.0
87.9800   250.0
88.0000   296.0
88.0200   335.0
88.0400   372.0
88.0600   428.0
88.0800   557.0
88.1000   708.0
88.1200   930.0
88.1400   1082.0
88.1600   1043.0
88.1800   812.0
88.2000   562.0
88.2200   497.0
88.2400   404.0
88.2600   353.0
88.2800   324.0
88.3000   310.0
88.3200   320.0
88.3400   353.0
88.3600   467.0
88.3800   506.0
88.4000   615.0
88.4200   635.0
88.4400   620.0
88.4600   458.0
88.4800   361.0
88.5000   303.0
88.5200   282.0
88.5400   259.0
88.5600   272.0
88.5800   262.0
88.6000   292.0
88.6200   331.0
88.6400   279.0
88.6600   339.0
88.6800   346.0
88.7000   361.0
88.7200   376.0
88.7400   462.0
88.7600   562.0
88.7800   586.0
88.8000   548.0
88.8200   396.0
88.8400   353.0
88.8600   286.0
88.8800   324.0
88.9000   269.0
88.9200   279.0
88.9400   256.0
88.9600   276.0
88.9800   269.0
89.0000   262.0
89.0200   335.0
89.0400   310.0
89.0600   342.0
89.0800   331.0
89.1000   276.0
89.1200   237.0
89.1400   213.0
89.1600   180.0
89.1800   207.0
89.2000   166.0
89.2200   137.0
89.2400   177.0
89.2600   144.0
89.2800   164.0
89.3000   164.0
89.3200   156.0
89.3400   144.0
89.3600   159.0
89.3800   174.0
89.4000   180.0
89.4200   193.0
89.4400   154.0
89.4600   180.0
89.4800   188.0
89.5000   225.0
89.5200   210.0
89.5400   256.0
89.5600   289.0
89.5800   350.0
89.6000   416.0
89.6200   520.0
89.6400   686.0
89.6600   888.0
89.6800   999.0
89.7000   1069.0
89.7200   801.0
89.7400   645.0
89.7600   458.0
89.7800   365.0
89.8000   331.0
89.8200   310.0
89.8400   292.0
89.8600   286.0
89.8800   299.0
89.9000   369.0
89.9200   445.0
89.9400   458.0
89.9600   562.0
89.9800   543.0
90.0000   493.0
90.0200   388.0
90.0400   320.0
90.0600   250.0
90.0800   243.0
90.1000   182.0
90.1200   182.0
90.1400   142.0
90.1600   159.0
90.1800   125.0
90.2000   144.0
90.2200   177.0
90.2400   146.0
90.2600   135.0
90.2800   137.0
90.3000   123.0
90.3200   128.0
90.3400   121.0
90.3600   137.0
90.3800   154.0
90.4000   119.0
90.4200   159.0
90.4400   154.0
90.4600   156.0
90.4800   182.0
90.5000   182.0
90.5200   144.0
90.5400   164.0
90.5600   154.0
90.5800   117.0
90.6000   130.0
90.6200   128.0
90.6400   110.0
90.6600   114.0
90.6800   128.0
90.7000   119.0
90.7200   121.0
90.7400   132.0
90.7600   151.0
90.7800   132.0
90.8000   135.0
90.8200   121.0
90.8400   106.0
90.8600   114.0
90.8800   117.0
90.9000   117.0
90.9200   104.0
90.9400   102.0
90.9600   104.0
90.9800   119.0
91.0000   121.0
91.0200   125.0
91.0400   112.0
91.0600   117.0
91.0800   117.0
91.1000   112.0
91.1200   117.0
91.1400   128.0
91.1600   135.0
91.1800   104.0
91.2000   119.0
91.2200   119.0
91.2400   130.0
91.2600   125.0
91.2800   130.0
91.3000   104.0
91.3200   119.0
91.3400   146.0
91.3600   142.0
91.3800   139.0
91.4000   121.0
91.4200   132.0
91.4400   159.0
91.4600   164.0
91.4800   174.0
91.5000   182.0
91.5200   225.0
91.5400   222.0
91.5600   262.0
91.5800   286.0
91.6000   369.0
91.6200   467.0
91.6400   615.0
91.6600   745.0
91.6800   751.0
91.7000   756.0
91.7200   576.0
91.7400   493.0
91.7600   392.0
91.7800   324.0
91.8000   282.0
91.8200   256.0
91.8400   282.0
91.8600   250.0
91.8800   276.0
91.9000   303.0
91.9200   369.0
91.9400   408.0
91.9600   424.0
91.9800   471.0
92.0000   392.0
92.0200   369.0
92.0400   306.0
92.0600   276.0
92.0800   246.0
92.1000   272.0
92.1200   272.0
92.1400   262.0
92.1600   303.0
92.1800   342.0
92.2000   384.0
92.2200   400.0
92.2400   388.0
92.2600   346.0
92.2800   272.0
92.3000   231.0
92.3200   228.0
92.3400   196.0
92.3600   202.0
92.3800   213.0
92.4000   174.0
92.4200   185.0
92.4400   196.0
92.4600   196.0
92.4800   240.0
92.5000   234.0
92.5200   237.0
92.5400   225.0
92.5600   199.0
92.5800   207.0
92.6000   159.0
92.6200   151.0
92.6400   159.0
92.6600   139.0
92.6800   132.0
92.7000   146.0
92.7200   125.0
92.7400   106.0
92.7600   108.0
92.7800   110.0
92.8000   117.0
92.8200   125.0
92.8400   104.0
92.8600   96.0
92.8800   114.0
92.9000   106.0
92.9200   117.0
92.9400   102.0
92.9600   123.0
92.9800   104.0
93.0000   121.0
93.0200   108.0
93.0400   90.0
93.0600   104.0
93.0800   92.0
93.1000   96.0
93.1200   102.0
93.1400   90.0
93.1600   92.0
93.1800   98.0
93.2000   106.0
93.2200   96.0
93.2400   100.0
93.2600   117.0
93.2800   79.0
93.3000   104.0
93.3200   104.0
93.3400   108.0
93.3600   96.0
93.3800   100.0
93.4000   96.0
93.4200   100.0
93.4400   86.0
93.4600   100.0
93.4800   90.0
93.5000   96.0
93.5200   96.0
93.5400   98.0
93.5600   98.0
93.5800   100.0
93.6000   96.0
93.6200   98.0
93.6400   102.0
93.6600   96.0
93.6800   106.0
93.7000   86.0
93.7200   92.0
93.7400   100.0
93.7600   79.0
93.7800   96.0
93.8000   98.0
93.8200   100.0
93.8400   102.0
93.8600   96.0
93.8800   104.0
93.9000   110.0
93.9200   121.0
93.9400   98.0
93.9600   110.0
93.9800   100.0
94.0000   110.0
94.0200   96.0
94.0400   121.0
94.0600   112.0
94.0800   123.0
94.1000   121.0
94.1200   130.0
94.1400   132.0
94.1600   117.0
94.1800   123.0
94.2000   128.0
94.2200   125.0
94.2400   121.0
94.2600   125.0
94.2800   125.0
94.3000   154.0
94.3200   121.0
94.3400   135.0
94.3600   104.0
94.3800   119.0
94.4000   139.0
94.4200   137.0
94.4400   177.0
94.4600   174.0
94.4800   164.0
94.5000   177.0
94.5200   193.0
94.5400   231.0
94.5600   243.0
94.5800   253.0
94.6000   228.0
94.6200   174.0
94.6400   190.0
94.6600   177.0
94.6800   154.0
94.7000   166.0
94.7200   161.0
94.7400   174.0
94.7600   169.0
94.7800   190.0
94.8000   207.0
94.8200   225.0
94.8400   231.0
94.8600   262.0
94.8800   303.0
94.9000   313.0
94.9200   350.0
94.9400   420.0
94.9600   502.0
94.9800   562.0
95.0000   605.0
95.0200   529.0
95.0400   433.0
95.0600   376.0
95.0800   328.0
95.1000   292.0
95.1200   246.0
95.1400   222.0
95.1600   199.0
95.1800   219.0
95.2000   213.0
95.2200   234.0
95.2400   266.0
95.2600   286.0
95.2800   376.0
95.3000   361.0
95.3200   350.0
95.3400   296.0
95.3600   272.0
95.3800   222.0
95.4000   199.0
95.4200   196.0
95.4400   190.0
95.4600   172.0
95.4800   182.0
95.5000   164.0
95.5200   193.0
95.5400   185.0
95.5600   193.0
95.5800   222.0
95.6000   202.0
95.6200   172.0
95.6400   177.0
95.6600   156.0
95.6800   161.0
95.7000   151.0
95.7200   161.0
95.7400   159.0
95.7600   172.0
95.7800   193.0
95.8000   159.0
95.8200   185.0
95.8400   190.0
95.8600   199.0
95.8800   188.0
95.9000   202.0
95.9200   185.0
95.9400   185.0
95.9600   182.0
95.9800   199.0
96.0000   225.0
96.0200   253.0
96.0400   289.0
96.0600   310.0
96.0800   369.0
96.1000   433.0
96.1200   548.0
96.1400   671.0
96.1600   740.0
96.1800   718.0
96.2000   650.0
96.2200   566.0
96.2400   437.0
96.2600   392.0
96.2800   353.0
96.3000   357.0
96.3200   303.0
96.3400   269.0
96.3600   279.0
96.3800   320.0
96.4000   346.0
96.4200   408.0
96.4400   475.0
96.4600   484.0
96.4800   462.0
96.5000   467.0
96.5200   449.0
96.5400   376.0
96.5600   289.0
96.5800   286.0
96.6000   286.0
96.6200   250.0
96.6400   219.0
96.6600   225.0
96.6800   237.0
96.7000   253.0
96.7200   266.0
96.7400   282.0
96.7600   313.0
96.7800   342.0
96.8000   454.0
96.8200   502.0
96.8400   502.0
96.8600   552.0
96.8800   484.0
96.9000   420.0
96.9200   365.0
96.9400   306.0
96.9600   256.0
96.9800   246.0
97.0000   222.0
97.0200   225.0
97.0400   216.0
97.0600   210.0
97.0800   216.0
97.1000   216.0
97.1200   246.0
97.1400   310.0
97.1600   335.0
97.1800   339.0
97.2000   292.0
97.2200   296.0
97.2400   234.0
97.2600   199.0
97.2800   185.0
97.3000   174.0
97.3200   146.0
97.3400   159.0
97.3600   132.0
97.3800   139.0
97.4000   125.0
97.4200   125.0
97.4400   139.0
97.4600   128.0
97.4800   117.0
97.5000   106.0
97.5200   121.0
97.5400   117.0
97.5600   102.0
97.5800   125.0
97.6000   108.0
97.6200   106.0
97.6400   108.0
97.6600   121.0
97.6800   85.0
97.7000   114.0
97.7200   94.0
97.7400   102.0
97.7600   94.0
97.7800   114.0
97.8000   85.0
97.8200   102.0
97.8400   132.0
97.8600   94.0
97.8800   108.0
97.9000   112.0
97.9200   90.0
97.9400   96.0
97.9600   94.0
97.9800   102.0
98.0000   102.0
98.0200   106.0
98.0400   104.0
98.0600   106.0
98.0800   102.0
98.1000   106.0
98.1200   106.0
98.1400   100.0
98.1600   94.0
98.1800   106.0
98.2000   83.0
98.2200   88.0
98.2400   100.0
98.2600   104.0
98.2800   104.0
98.3000   90.0
98.3200   102.0
98.3400   98.0
98.3600   102.0
98.3800   112.0
98.4000   130.0
98.4200   90.0
98.4400   88.0
98.4600   100.0
98.4800   96.0
98.5000   90.0
98.5200   102.0
98.5400   98.0
98.5600   102.0
98.5800   104.0
98.6000   88.0
98.6200   83.0
98.6400   94.0
98.6600   110.0
98.6800   94.0
98.7000   100.0
98.7200   86.0
98.7400   94.0
98.7600   90.0
98.7800   85.0
98.8000   100.0
98.8200   86.0
98.8400   96.0
98.8600   88.0
98.8800   108.0
98.9000   96.0
98.9200   112.0
98.9400   88.0
98.9600   106.0
98.9800   108.0
99.0000   88.0
99.0200   110.0
99.0400   110.0
99.0600   94.0
99.0800   108.0
99.1000   108.0
99.1200   102.0
99.1400   102.0
99.1600   104.0
99.1800   108.0
99.2000   130.0
99.2200   132.0
99.2400   125.0
99.2600   142.0
99.2800   96.0
99.3000   106.0
99.3200   102.0
99.3400   98.0
99.3600   102.0
99.3800   98.0
99.4000   117.0
99.4200   104.0
99.4400   102.0
99.4600   112.0
99.4800   106.0
99.5000   119.0
99.5200   102.0
99.5400   117.0
99.5600   135.0
99.5800   106.0
99.6000   114.0
99.6200   117.0
99.6400   114.0
99.6600   102.0
99.6800   106.0
99.7000   108.0
99.7200   106.0
99.7400   96.0
99.7600   106.0
99.7800   85.0
99.8000   100.0
99.8200   92.0
99.8400   94.0
99.8600   102.0
99.8800   86.0
99.9000   102.0
99.9200   86.0
99.9400   86.0
99.9600   98.0
99.9800   86.0
100.0000   85.0
100.0200   98.0
100.0400   108.0
100.0600   71.0
100.0800   102.0
100.1000   96.0
100.1200   86.0
100.1400   85.0
100.1600   85.0
100.1800   90.0
100.2000   96.0
100.2200   83.0
100.2400   106.0
100.2600   98.0
100.2800   79.0
100.3000   110.0
100.3200   96.0
100.3400   100.0
100.3600   100.0
100.3800   86.0
100.4000   83.0
100.4200   90.0
100.4400   90.0
100.4600   83.0
100.4800   102.0
100.5000   94.0
100.5200   85.0
100.5400   83.0
100.5600   79.0
100.5800   92.0
100.6000   96.0
100.6200   100.0
100.6400   90.0
100.6600   94.0
100.6800   108.0
100.7000   96.0
100.7200   85.0
100.7400   85.0
100.7600   83.0
100.7800   98.0
100.8000   104.0
100.8200   98.0
100.8400   92.0
100.8600   112.0
100.8800   110.0
100.9000   94.0
100.9200   92.0
100.9400   106.0
100.9600   98.0
100.9800   102.0
101.0000   112.0
101.0200   142.0
101.0400   123.0
101.0600   149.0
101.0800   164.0
101.1000   156.0
101.1200   174.0
101.1400   174.0
101.1600   154.0
101.1800   132.0
101.2000   137.0
101.2200   123.0
101.2400   119.0
101.2600   102.0
101.2800   106.0
101.3000   106.0
101.3200   112.0
101.3400   102.0
101.3600   132.0
101.3800   112.0
101.4000   119.0
101.4200   117.0
101.4400   149.0
101.4600   139.0
101.4800   132.0
101.5000   125.0
101.5200   98.0
101.5400   121.0
101.5600   108.0
101.5800   128.0
101.6000   121.0
101.6200   102.0
101.6400   108.0
101.6600   123.0
101.6800   83.0
101.7000   100.0
101.7200   98.0
101.7400   121.0
101.7600   102.0
101.7800   106.0
101.8000   85.0
101.8200   137.0
101.8400   96.0
101.8600   110.0
101.8800   110.0
101.9000   98.0
101.9200   85.0
101.9400   119.0
101.9600   100.0
101.9800   121.0
102.0000   123.0
102.0200   108.0
102.0400   114.0
102.0600   112.0
102.0800   108.0
102.1000   112.0
102.1200   125.0
102.1400   149.0
102.1600   119.0
102.1800   135.0
102.2000   128.0
102.2200   108.0
102.2400   154.0
102.2600   106.0
102.2800   144.0
102.3000   137.0
102.3200   146.0
102.3400   159.0
102.3600   172.0
102.3800   202.0
102.4000   210.0
102.4200   234.0
102.4400   243.0
102.4600   303.0
102.4800   320.0
102.5000   292.0
102.5200   272.0
102.5400   231.0
102.5600   199.0
102.5800   222.0
102.6000   193.0
102.6200   174.0
102.6400   193.0
102.6600   185.0
102.6800   180.0
102.7000   185.0
102.7200   207.0
102.7400   159.0
102.7600   202.0
102.7800   234.0
102.8000   199.0
102.8200   207.0
102.8400   240.0
102.8600   250.0
102.8800   237.0
102.9000   216.0
102.9200   243.0
102.9400   266.0
102.9600   292.0
102.9800   376.0
103.0000   484.0
103.0200   471.0
103.0400   471.0
103.0600   365.0
103.0800   350.0
103.1000   289.0
103.1200   256.0
103.1400   204.0
103.1600   193.0
103.1800   193.0
103.2000   161.0
103.2200   202.0
103.2400   180.0
103.2600   174.0
103.2800   182.0
103.3000   182.0
103.3200   222.0
103.3400   253.0
103.3600   292.0
103.3800   292.0
103.4000   296.0
103.4200   237.0
103.4400   216.0
103.4600   216.0
103.4800   190.0
103.5000   177.0
103.5200   149.0
103.5400   132.0
103.5600   144.0
103.5800   132.0
103.6000   130.0
103.6200   106.0
103.6400   121.0
103.6600   132.0
103.6800   104.0
103.7000   117.0
103.7200   114.0
103.7400   94.0
103.7600   106.0
103.7800   108.0
103.8000   104.0
103.8200   110.0
103.8400   121.0
103.8600   104.0
103.8800   119.0
103.9000   121.0
103.9200   106.0
103.9400   114.0
103.9600   123.0
103.9800   106.0
104.0000   114.0
104.0200   130.0
104.0400   94.0
104.0600   112.0
104.0800   100.0
104.1000   96.0
104.1200   98.0
104.1400   98.0
104.1600   85.0
104.1800   98.0
104.2000   110.0
104.2200   88.0
104.2400   98.0
104.2600   106.0
104.2800   100.0
104.3000   114.0
104.3200   98.0
104.3400   117.0
104.3600   96.0
104.3800   98.0
104.4000   106.0
104.4200   121.0
104.4400   92.0
104.4600   90.0
104.4800   98.0
104.5000   108.0
104.5200   104.0
104.5400   114.0
104.5600   104.0
104.5800   119.0
104.6000   88.0
104.6200   100.0
104.6400   96.0
104.6600   108.0
104.6800   112.0
104.7000   104.0
104.7200   100.0
104.7400   117.0
104.7600   100.0
104.7800   123.0
104.8000   108.0
104.8200   108.0
104.8400   130.0
104.8600   128.0
104.8800   142.0
104.9000   114.0
104.9200   135.0
104.9400   164.0
104.9600   137.0
104.9800   177.0
105.0000   193.0
105.0200   234.0
105.0400   253.0
105.0600   250.0
105.0800   204.0
105.1000   204.0
105.1200   164.0
105.1400   137.0
105.1600   151.0
105.1800   106.0
105.2000   146.0
105.2200   128.0
105.2400   128.0
105.2600   123.0
105.2800   112.0
105.3000   121.0
105.3200   135.0
105.3400   123.0
105.3600   137.0
105.3800   185.0
105.4000   159.0
105.4200   166.0
105.4400   177.0
105.4600   149.0
105.4800   128.0
105.5000   128.0
105.5200   123.0
105.5400   128.0
105.5600   102.0
105.5800   108.0
105.6000   104.0
105.6200   110.0
105.6400   92.0
105.6600   94.0
105.6800   96.0
105.7000   96.0
105.7200   106.0
105.7400   125.0
105.7600   96.0
105.7800   104.0
105.8000   104.0
105.8200   114.0
105.8400   114.0
105.8600   108.0
105.8800   108.0
105.9000   110.0
105.9200   100.0
105.9400   123.0
105.9600   106.0
105.9800   119.0
106.0000   90.0
106.0200   125.0
106.0400   130.0
106.0600   121.0
106.0800   110.0
106.1000   128.0
106.1200   132.0
106.1400   159.0
106.1600   169.0
106.1800   154.0
106.2000   174.0
106.2200   164.0
106.2400   164.0
106.2600   130.0
106.2800   137.0
106.3000   144.0
106.3200   130.0
106.3400   132.0
106.3600   135.0
106.3800   119.0
106.4000   121.0
106.4200   128.0
106.4400   110.0
106.4600   137.0
106.4800   135.0
106.5000   137.0
106.5200   139.0
106.5400   146.0
106.5600   156.0
106.5800   142.0
106.6000   166.0
106.6200   164.0
106.6400   151.0
106.6600   159.0
106.6800   144.0
106.7000   149.0
106.7200   164.0
106.7400   190.0
106.7600   190.0
106.7800   210.0
106.8000   196.0
106.8200   213.0
106.8400   207.0
106.8600   256.0
106.8800   292.0
106.9000   335.0
106.9200   306.0
106.9400   313.0
106.9600   269.0
106.9800   259.0
107.0000   256.0
107.0200   234.0
107.0400   199.0
107.0600   177.0
107.0800   169.0
107.1000   172.0
107.1200   180.0
107.1400   172.0
107.1600   169.0
107.1800   174.0
107.2000   174.0
107.2200   166.0
107.2400   219.0
107.2600   199.0
107.2800   231.0
107.3000   219.0
107.3200   216.0
107.3400   210.0
107.3600   199.0
107.3800   185.0
107.4000   180.0
107.4200   174.0
107.4400   174.0
107.4600   164.0
107.4800   190.0
107.5000   132.0
107.5200   164.0
107.5400   139.0
107.5600   132.0
107.5800   144.0
107.6000   130.0
107.6200   123.0
107.6400   123.0
107.6600   117.0
107.6800   121.0
107.7000   121.0
107.7200   137.0
107.7400   142.0
107.7600   135.0
107.7800   121.0
107.8000   144.0
107.8200   119.0
107.8400   164.0
107.8600   149.0
107.8800   161.0
107.9000   154.0
107.9200   164.0
107.9400   151.0
107.9600   159.0
107.9800   185.0
108.0000   169.0
108.0200   219.0
108.0400   210.0
108.0600   240.0
108.0800   234.0
108.1000   202.0
108.1200   202.0
108.1400   180.0
108.1600   188.0
108.1800   149.0
108.2000   144.0
108.2200   142.0
108.2400   139.0
108.2600   149.0
108.2800   144.0
108.3000   130.0
108.3200   125.0
108.3400   154.0
108.3600   154.0
108.3800   144.0
108.4000   139.0
108.4200   154.0
108.4400   164.0
108.4600   169.0
108.4800   174.0
108.5000   166.0
108.5200   144.0
108.5400   156.0
108.5600   135.0
108.5800   154.0
108.6000   104.0
108.6200   139.0
108.6400   128.0
108.6600   119.0
108.6800   139.0
108.7000   114.0
108.7200   137.0
108.7400   106.0
108.7600   130.0
108.7800   130.0
108.8000   139.0
108.8200   130.0
108.8400   121.0
108.8600   110.0
108.8800   156.0
108.9000   130.0
108.9200   154.0
108.9400   151.0
108.9600   130.0
108.9800   142.0
109.0000   159.0
109.0200   154.0
109.0400   137.0
109.0600   161.0
109.0800   135.0
109.1000   139.0
109.1200   132.0
109.1400   130.0
109.1600   142.0
109.1800   121.0
109.2000   125.0
109.2200   108.0
109.2400   121.0
109.2600   142.0
109.2800   125.0
109.3000   151.0
109.3200   117.0
109.3400   164.0
109.3600   159.0
109.3800   146.0
109.4000   169.0
109.4200   174.0
109.4400   166.0
109.4600   161.0
109.4800   156.0
109.5000   144.0
109.5200   132.0
109.5400   125.0
109.5600   139.0
109.5800   110.0
109.6000   135.0
109.6200   119.0
109.6400   112.0
109.6600   117.0
109.6800   130.0
109.7000   125.0
109.7200   108.0
109.7400   128.0
109.7600   135.0
109.7800   139.0
109.8000   123.0
109.8200   123.0
109.8400   130.0
109.8600   108.0
109.8800   117.0
109.9000   137.0
109.9200   104.0
109.9400   139.0
109.9600   123.0
109.9800   137.0
110.0000   146.0
110.0200   156.0
110.0400   149.0
110.0600   144.0
110.0800   144.0
110.1000   151.0
110.1200   190.0
110.1400   164.0
110.1600   204.0
110.1800   231.0
110.2000   202.0
110.2200   225.0
110.2400   199.0
110.2600   202.0
110.2800   213.0
110.3000   190.0
110.3200   193.0
110.3400   199.0
110.3600   182.0
110.3800   174.0
110.4000   159.0
110.4200   164.0
110.4400   144.0
110.4600   169.0
110.4800   204.0
110.5000   207.0
110.5200   225.0
110.5400   234.0
110.5600   231.0
110.5800   262.0
110.6000   282.0
110.6200   365.0
110.6400   335.0
110.6600   324.0
110.6800   292.0
110.7000   269.0
110.7200   253.0
110.7400   204.0
110.7600   219.0
110.7800   185.0
110.8000   210.0
110.8200   202.0
110.8400   193.0
110.8600   231.0
110.8800   196.0
110.9000   234.0
110.9200   237.0
110.9400   228.0
110.9600   256.0
110.9800   256.0
111.0000   296.0
111.0200   317.0
111.0400   350.0
111.0600   437.0
111.0800   493.0
111.1000   497.0
111.1200   581.0
111.1400   630.0
111.1600   620.0
111.1800   571.0
111.2000   605.0
111.2200   557.0
111.2400   524.0
111.2600   493.0
111.2800   529.0
111.3000   590.0
111.3200   630.0
111.3400   713.0
111.3600   801.0
111.3800   835.0
111.4000   930.0
111.4200   999.0
111.4400   1043.0
111.4600   906.0
111.4800   888.0
111.5000   767.0
111.5200   734.0
111.5400   676.0
111.5600   620.0
111.5800   571.0
111.6000   566.0
111.6200   511.0
111.6400   445.0
111.6600   396.0
111.6800   412.0
111.7000   400.0
111.7200   445.0
111.7400   441.0
111.7600   475.0
111.7800   502.0
111.8000   502.0
111.8200   534.0
111.8400   538.0
111.8600   538.0
111.8800   497.0
111.9000   493.0
111.9200   380.0
111.9400   342.0
111.9600   342.0
111.9800   296.0
112.0000   272.0
112.0200   246.0
112.0400   234.0
112.0600   210.0
112.0800   164.0
112.1000   182.0
112.1200   199.0
112.1400   210.0
112.1600   185.0
112.1800   169.0
112.2000   169.0
112.2200   169.0
112.2400   164.0
112.2600   149.0
112.2800   164.0
112.3000   149.0
112.3200   137.0
112.3400   135.0
112.3600   156.0
112.3800   182.0
112.4000   146.0
112.4200   154.0
112.4400   166.0
112.4600   144.0
112.4800   142.0
112.5000   128.0
112.5200   132.0
112.5400   142.0
112.5600   142.0
112.5800   137.0
112.6000   117.0
112.6200   135.0
112.6400   139.0
112.6600   132.0
112.6800   144.0
112.7000   132.0
112.7200   149.0
112.7400   135.0
112.7600   137.0
112.7800   142.0
112.8000   132.0
112.8200   151.0
112.8400   177.0
112.8600   154.0
112.8800   146.0
112.9000   146.0
112.9200   144.0
112.9400   142.0
112.9600   182.0
112.9800   190.0
113.0000   177.0
113.0200   202.0
113.0400   188.0
113.0600   190.0
113.0800   185.0
113.1000   202.0
113.1200   188.0
113.1400   177.0
113.1600   193.0
113.1800   190.0
113.2000   196.0
113.2200   185.0
113.2400   207.0
113.2600   240.0
113.2800   225.0
113.3000   231.0
113.3200   272.0
113.3400   279.0
113.3600   292.0
113.3800   339.0
113.4000   384.0
113.4200   433.0
113.4400   520.0
113.4600   590.0
113.4800   756.0
113.5000   853.0
113.5200   980.0
113.5400   882.0
113.5600   835.0
113.5800   697.0
113.6000   620.0
113.6200   520.0
113.6400   502.0
113.6600   462.0
113.6800   480.0
113.7000   400.0
113.7200   380.0
113.7400   361.0
113.7600   310.0
113.7800   292.0
113.8000   299.0
113.8200   313.0
113.8400   303.0
113.8600   296.0
113.8800   376.0
113.9000   392.0
113.9200   445.0
113.9400   548.0
113.9600   562.0
113.9800   506.0
114.0000   458.0
114.0200   400.0
114.0400   365.0
114.0600   357.0
114.0800   289.0
114.1000   299.0
114.1200   253.0
114.1400   253.0
114.1600   207.0
114.1800   225.0
114.2000   196.0
114.2200   177.0
114.2400   166.0
114.2600   202.0
114.2800   142.0
114.3000   137.0
114.3200   154.0
114.3400   139.0
114.3600   149.0
114.3800   142.0
114.4000   149.0
114.4200   121.0
114.4400   128.0
114.4600   139.0
114.4800   132.0
114.5000   135.0
114.5200   125.0
114.5400   130.0
114.5600   130.0
114.5800   123.0
114.6000   137.0
114.6200   106.0
114.6400   128.0
114.6600   121.0
114.6800   125.0
114.7000   130.0
114.7200   121.0
114.7400   117.0
114.7600   119.0
114.7800   123.0
114.8000   135.0
114.8200   108.0
114.8400   125.0
114.8600   135.0
114.8800   146.0
114.9000   132.0
114.9200   130.0
114.9400   144.0
114.9600   151.0
114.9800   164.0
115.0000   142.0
115.0200   159.0
115.0400   166.0
115.0600   151.0
115.0800   164.0
115.1000   185.0
115.1200   180.0
115.1400   144.0
115.1600   128.0
115.1800   137.0
115.2000   142.0
115.2200   121.0
115.2400   149.0
115.2600   137.0
115.2800   137.0
115.3000   151.0
115.3200   119.0
115.3400   146.0
115.3600   142.0
115.3800   149.0
115.4000   144.0
115.4200   121.0
115.4400   139.0
115.4600   161.0
115.4800   159.0
115.5000   169.0
115.5200   161.0
115.5400   188.0
115.5600   185.0
115.5800   177.0
115.6000   182.0
115.6200   199.0
115.6400   193.0
115.6600   202.0
115.6800   207.0
115.7000   182.0
115.7200   202.0
115.7400   172.0
115.7600   149.0
115.7800   156.0
115.8000   149.0
115.8200   132.0
115.8400   144.0
115.8600   149.0
115.8800   135.0
115.9000   132.0
115.9200   128.0
115.9400   132.0
115.9600   159.0
115.9800   137.0
116.0000   137.0
116.0200   119.0
116.0400   159.0
116.0600   177.0
116.0800   161.0
116.1000   164.0
116.1200   172.0
116.1400   164.0
116.1600   154.0
116.1800   149.0
116.2000   164.0
116.2200   161.0
116.2400   190.0
116.2600   151.0
116.2800   149.0
116.3000   137.0
116.3200   156.0
116.3400   123.0
116.3600   156.0
116.3800   151.0
116.4000   137.0
116.4200   164.0
116.4400   166.0
116.4600   188.0
116.4800   156.0
116.5000   169.0
116.5200   196.0
116.5400   225.0
116.5600   259.0
116.5800   250.0
116.6000   282.0
116.6200   342.0
116.6400   384.0
116.6600   458.0
116.6800   380.0
116.7000   324.0
116.7200   306.0
116.7400   276.0
116.7600   246.0
116.7800   222.0
116.8000   213.0
116.8200   207.0
116.8400   202.0
116.8600   174.0
116.8800   161.0
116.9000   166.0
116.9200   202.0
116.9400   202.0
116.9600   166.0
116.9800   216.0
117.0000   180.0
117.0200   193.0
117.0400   210.0
117.0600   256.0
117.0800   246.0
117.1000   313.0
117.1200   276.0
117.1400   282.0
117.1600   272.0
117.1800   243.0
117.2000   237.0
117.2200   207.0
117.2400   228.0
117.2600   216.0
117.2800   188.0
117.3000   202.0
117.3200   225.0
117.3400   269.0
117.3600   350.0
117.3800   310.0
117.4000   353.0
117.4200   361.0
117.4400   346.0
117.4600   286.0
117.4800   266.0
117.5000   228.0
117.5200   216.0
117.5400   204.0
117.5600   196.0
117.5800   180.0
117.6000   174.0
117.6200   182.0
117.6400   161.0
117.6600   149.0
117.6800   156.0
117.7000   154.0
117.7200   154.0
117.7400   154.0
117.7600   154.0
117.7800   190.0
117.8000   219.0
117.8200   213.0
117.8400   207.0
117.8600   234.0
117.8800   228.0
117.9000   237.0
117.9200   219.0
117.9400   188.0
117.9600   193.0
117.9800   169.0
118.0000   161.0
118.0200   174.0
118.0400   149.0
118.0600   121.0
118.0800   154.0
118.1000   135.0
118.1200   149.0
118.1400   125.0
118.1600   121.0
118.1800   142.0
118.2000   123.0
118.2200   139.0
118.2400   154.0
118.2600   137.0
118.2800   139.0
118.3000   139.0
118.3200   121.0
118.3400   161.0
118.3600   151.0
118.3800   172.0
118.4000   151.0
118.4200   169.0
118.4400   169.0
118.4600   213.0
118.4800   196.0
118.5000   190.0
118.5200   182.0
118.5400   156.0
118.5600   174.0
118.5800   164.0
118.6000   137.0
118.6200   185.0
118.6400   130.0
118.6600   164.0
118.6800   164.0
118.7000   137.0
118.7200   149.0
118.7400   149.0
118.7600   154.0
118.7800   149.0
118.8000   177.0
118.8200   207.0
118.8400   177.0
118.8600   199.0
118.8800   177.0
118.9000   240.0
118.9200   237.0
118.9400   299.0
118.9600   306.0
118.9800   313.0
119.0000   396.0
119.0200   428.0
119.0400   412.0
119.0600   369.0
119.0800   353.0
119.1000   353.0
119.1200   317.0
119.1400   324.0
119.1600   310.0
119.1800   296.0
119.2000   262.0
119.2200   216.0
119.2400   231.0
119.2600   246.0
119.2800   231.0
119.3000   213.0
119.3200   190.0
119.3400   182.0
119.3600   213.0
119.3800   216.0
119.4000   190.0
119.4200   174.0
119.4400   228.0
119.4600   219.0
119.4800   225.0
119.5000   250.0
119.5200   253.0
119.5400   276.0
119.5600   240.0
119.5800   259.0
119.6000   225.0
119.6200   180.0
119.6400   240.0
119.6600   207.0
119.6800   188.0
119.7000   196.0
119.7200   154.0
119.7400   159.0
119.7600   166.0
119.7800   149.0
119.8000   146.0
119.8200   154.0
119.8400   135.0
119.8600   149.0
119.8800   130.0
119.9000   135.0
119.9200   117.0
119.9400   121.0
119.9600   121.0
119.9800   106.0
120.0000   123.0
120.0200   106.0
120.0400   110.0
