 0.069 0.05 150.0  S151(Co) RT D1A 1.91A        MON=5000
 1    21 1    19 1    23 1    17 1    15 1    15 1    13 1     9 1     7 1     8
 1     7 1     8 1     8 1    11 1    11 1    14 1    20 1    22 1    20 1    22
 1    22 1    21 1    24 1    22 1    20 1    26 1    19 1    14 1    14 1    10
 1    10 1     8 1    11 1    14 1    13 1     8 1     8 1     8 1    19 1    22
 1    21 1    17 1    11 1     8 1    10 1    21 1    21 1    14 1    13 1    12
 1    17 1    21 1    34 1    30 1    30 1    30 1    33 1    37 1    43 1    43
 1    41 1    46 1    58 1    55 1    61 1    62 1    67 1    67 1    61 1    62
 1    54 1    51 1    54 1    59 1    50 1    41 1    51 1    56 1    55 1    49
 1    45 1    59 1    57 1    51 1    54 1    62 1    59 1    55 1    53 1    58
 1    59 1    55 1    69 1    68 1    57 1    60 1    75 1    67 1    62 1    58
 1    58 1    67 1    75 1    62 1    62 1    71 1    67 1    68 1    83 1    78
 1    68 1    75 1    78 1    75 1    82 1    86 1    86 1    81 1    75 2    85
 2    84 2    79 2    80 2    79 2    75 2    74 2    80 2    87 2    91 2    82
 2    90 2    92 2    93 2    98 2    88 2    82 2    87 2    92 2   100 2    96
 2    97 2    97 2   101 2   106 2   102 2    98 2   109 2   105 2   108 2   108
 2   112 2   122 2   125 2   119 2   125 2   133 2   136 2   136 2   132 2   129
 2   145 2   159 2   164 2   142 2   149 2   151 2   166 2   178 2   192 2   196
 2   202 2   200 2   215 2   229 2   244 2   268 2   280 2   290 2   326 2   341
 2   362 2   378 2   400 2   443 2   494 2   495 2   477 2   450 2   427 2   400
 2   358 2   300 2   239 2   192 2   160 2   128 2   100 2    90 2    84 2    81
 2    70 2    60 2    64 2    72 2    63 2    61 2    64 2    74 2    72 2    70
 2    58 2    56 2    67 2    60 2    57 2    60 2    58 2    59 2    63 2    67
 2    61 2    60 2    66 2    68 2    66 2    60 2    67 2    66 2    59 2    60
 2    64 2    61 2    56 2    60 2    60 2    60 2    61 2    65 2    64 2    61
 3    58 3    59 3    59 3    62 3    59 3    61 3    60 3    61 3    66 3    64
 3    71 3    65 3    59 3    54 3    56 3    57 3    58 3    55 3    57 3    62
 3    59 3    56 3    56 3    60 3    60 3    59 3    58 3    59 3    59 3    56
 3    52 3    53 3    52 3    54 3    61 3    57 3    54 3    62 3    63 3    56
 3    59 3    60 3    60 3    58 3    58 3    58 3    58 3    58 3    57 3    62
 3    61 3    63 3    61 3    59 3    59 3    60 3    58 3    54 3    56 3    61
 3    60 3    64 3    58 3    52 3    52 3    58 3    60 3    63 3    59 3    52
 3    52 3    55 3    55 3    52 3    57 3    63 3    58 3    60 3    57 3    56
 3    61 3    56 3    55 3    57 3    54 3    58 3    54 3    52 3    57 3    60
 3    58 3    56 3    52 3    52 3    51 3    55 3    60 3    58 3    58 3    57
 3    54 3    54 3    59 3    61 3    57 3    62 3    61 3    56 3    55 3    50
 3    56 3    59 3    56 3    60 3    54 3    58 3    58 3    58 3    57 3    59
 4    67 4    64 4    64 4    63 4    64 4    68 4    73 4    80 4    81 4    77
 4    81 4    87 4    86 4    89 4    96 4    95 4    93 4    89 4    84 4    85
 4    83 4    74 4    68 4    63 4    61 4    56 4    53 4    54 4    52 4    53
 4    51 4    50 4    53 4    47 4    52 4    58 4    57 4    55 4    56 4    55
 4    51 4    55 4    51 4    50 4    51 4    54 4    58 4    50 4    53 4    55
 4    54 4    57 4    58 4    59 4    60 4    59 4    55 4    51 4    52 4    54
 4    52 4    52 4    54 4    55 4    54 4    52 4    52 4    56 4    52 4    50
 4    53 4    53 4    53 4    53 4    54 4    58 4    58 4    55 4    56 4    50
 4    54 4    57 4    55 4    58 4    59 4    54 4    53 4    58 4    58 4    60
 4    56 4    58 4    63 4    63 4    61 4    57 4    60 4    56 4    58 4    58
 4    57 4    54 4    51 4    52 4    52 4    51 4    51 4    52 4    53 4    55
 4    59 4    56 4    53 4    55 4    57 4    58 4    53 4    58 4    55 4    54
 5    57 5    57 5    54 5    58 5    58 5    56 5    54 5    53 5    50 5    49
 5    53 5    52 5    49 5    50 5    50 5    56 5    61 5    55 5    50 5    52
 5    52 5    52 5    54 5    56 5    59 5    60 5    54 5    54 5    55 5    58
 5    55 5    53 5    57 5    58 5    56 5    53 5    54 5    57 5    55 5    53
 5    57 5    60 5    53 5    54 5    53 5    51 5    53 5    53 5    52 5    56
 5    54 5    56 5    60 5    56 5    56 5    57 5    56 5    57 5    57 5    60
 5    58 5    53 5    55 5    61 5    57 5    55 5    56 5    51 5    54 5    57
 5    61 5    64 5    70 5    72 5    74 5    86 5   100 5   111 5   116 5   132
 5   160 5   187 5   217 5   247 5   281 5   310 5   340 5   378 5   402 5   422
 5   411 5   372 5   347 5   308 5   258 5   213 5   172 5   140 5   113 5    91
 5    77 5    65 5    61 5    57 5    57 5    59 5    63 5    63 5    68 5    71
 5    69 5    75 5    81 5    86 5    91 5    97 5   105 5   117 5   126 5   133
 6   138 6   148 6   142 6   134 6   124 6   114 6   102 6    88 6    77 6    72
 6    65 6    61 6    57 6    56 6    56 6    55 6    57 6    59 6    61 6    58
 6    56 6    57 6    56 6    56 6    55 6    55 6    55 6    54 6    53 6    56
 6    58 6    57 6    58 6    53 6    55 6    62 6    60 6    57 6    58 6    57
 6    55 6    57 6    59 6    58 6    55 6    57 6    57 6    55 6    58 6    62
 6    59 6    58 6    61 6    60 6    62 6    60 6    55 6    57 6    58 6    59
 6    57 6    60 6    61 6    60 6    56 6    56 6    60 6    64 6    61 6    54
 6    52 6    55 6    59 6    60 6    58 6    58 6    56 6    61 6    61 6    60
 6    63 6    61 6    61 6    63 6    70 6    66 6    63 6    65 6    66 6    65
 6    62 6    59 6    62 6    65 6    62 6    59 6    64 6    62 6    61 6    58
 6    59 6    61 6    56 6    57 6    58 6    60 6    60 6    61 6    60 6    60
 6    61 6    58 6    58 6    58 6    59 6    60 6    58 6    60 7    61 7    61
 7    61 7    64 7    66 7    63 7    62 7    64 7    62 7    60 7    64 7    61
 7    58 7    60 7    61 7    60 7    56 7    56 7    60 7    60 7    63 7    59
 7    62 7    61 7    59 7    59 7    60 7    64 7    66 7    67 7    70 7    70
 7    73 7    77 7    81 7    92 7   103 7   122 7   135 7   152 7   184 7   211
 7   241 7   260 7   280 7   294 7   293 7   273 7   249 7   216 7   184 7   153
 7   130 7   103 7    84 7    73 7    65 7    61 7    59 7    59 7    62 7    59
 7    61 7    59 7    59 7    63 7    61 7    58 7    62 7    62 7    57 7    55
 7    61 7    58 7    55 7    58 7    59 7    57 7    59 7    63 7    69 7    78
 7    91 7   102 7   125 7   165 7   212 7   272 7   348 7   445 7   575 7   729
 7   888 7  1034 7  1193 7  1290 7  1302 7  1261 7  1176 7  1030 7   874 7   707
 7   530 7   386 7   275 7   190 7   136 7   110 7    91 7    81 7    79 7    78
 7    86 7    92 7   101 7   122 7   135 7   149 7   170 7   186 7   199 7   196
 7   192 7   180 8   166 8   145 8   126 8   100 8    87 8    80 8    69 8    63
 8    63 8    66 8    62 8    58 8    61 8    57 8    56 8    56 8    57 8    57
 8    56 8    56 8    61 8    58 8    58 8    59 8    59 8    57 8    58 8    56
 8    58 8    57 8    59 8    57 8    57 8    60 8    59 8    58 8    60 8    61
 8    62 8    61 8    65 8    63 8    60 8    60 8    59 8    60 8    60 8    59
 8    59 8    59 8    60 8    65 8    65 8    68 8    69 8    67 8    73 8    81
 8    88 8    94 8    99 8   104 8   114 8   118 8   121 8   121 8   110 8   100
 8    92 8    83 8    76 8    69 8    65 8    66 8    60 8    62 8    61 8    59
 8    62 8    61 8    58 8    57 8    57 8    58 8    58 8    57 8    57 8    57
 8    55 8    58 8    58 8    61 8    60 8    62 8    63 8    61 8    58 8    59
 8    59 8    60 8    63 8    62 8    59 8    58 8    61 8    58 8    57 8    59
 8    59 8    61 8    64 8    74 8    83 8   101 8   123 8   161 8   208 8   278
 9   362 9   466 9   598 9   726 9   830 9   920 9   969 9   961 9   910 9   813
 9   684 9   565 9   427 9   314 9   231 9   162 9   123 9    97 9    76 9    66
 9    61 9    61 9    62 9    60 9    58 9    60 9    62 9    60 9    60 9    57
 9    58 9    61 9    64 9    67 9    64 9    66 9    75 9    84 9    94 9   112
 9   143 9   192 9   250 9   326 9   436 9   554 9   676 9   784 9   884 9   917
 9   897 9   835 9   721 9   583 9   456 9   331 9   231 9   167 9   118 9    93
 9    78 9    71 9    66 9    59 9    59 9    58 9    58 9    55 9    57 9    54
 9    55 9    56 9    55 9    59 9    55 9    56 9    59 9    59 9    55 9    55
 9    54 9    55 9    60 9    58 9    59 9    65 9    64 9    60 9    58 9    58
 9    59 9    62 9    60 9    59 9    55 9    58 9    60 9    60 9    63 9    59
 9    57 9    60 9    60 9    63 9    64 9    58 9    57 9    56 9    57 9    54
 9    54 9    56 9    59 9    61 9    60 9    61 9    61 9    58 10   60 10   60
 10   63 10   61 10   58 10   57 10   59 10   57 10   56 10   61 10   58 10   59
 10   59 10   59 10   60 10   58 10   57 10   56 10   59 10   58 10   60 10   61
 10   58 10   54 10   57 10   55 10   57 10   55 10   57 10   57 10   59 10   56
 10   55 10   55 10   55 10   56 10   57 10   54 10   56 10   59 10   57 10   55
 10   59 10   60 10   57 10   58 10   59 10   56 10   57 10   62 10   65 10   62
 10   64 10   68 10   68 10   79 10   85 10   94 10  114 10  127 10  145 10  170
 10  191 10  212 10  215 10  206 10  189 10  172 10  146 10  117 10  100 10   86
 10   75 10   67 10   63 10   62 10   60 10   63 10   61 10   61 10   58 10   62
 10   60 10   60 10   62 10   67 10   71 10   73 10   86 10  102 10  125 10  163
 10  226 10  310 10  419 10  559 10  717 10  954 10 1220 10 1569 10 1926 10 2274
 10 2576 10 2730 10 2721 10 2569 10 2250 10 1828 10 1394 10  977 10  655 10  426
 10  279 10  185 10  137 10  123 10  125 10  145 10  159 10  184 10  202 10  215
 10  211 10  206 10  184 10  158 10  128 10  111 10   95 10   85 10   72 10   67
 10   66 10   62 10   60 10   61 10   59 10   61 10   59 10   59 10   58 10   60
 10   56 10   58 10   61 10   59 10   58 10   59 10   59 10   58 10   59 10   61
 10   62 10   61 10   57 10   60 10   61 10   60 10   56 10   57 10   58 10   61
 10   59 10   56 10   60 10   62 10   60 10   61 10   61 10   64 10   72 10   71
 10   76 10   77 10   78 10   76 10   79 10   78 10   70 10   68 10   62 10   61
 10   60 10   58 10   62 10   60 10   57 10   57 10   57 10   55 10   58 10   58
 10   58 10   58 10   58 10   57 10   57 10   56 10   56 10   56 10   56 10   59
 10   59 10   62 10   61 10   58 10   55 10   56 10   57 10   59 10   59 10   62
 10   58 10   59 10   62 10   69 10   74 10   80 10   86 10   98 10  107 10  119
 10  125 10  122 10  115 10  106 10   99 10   94 10   84 10   71 10   65 10   63
 10   59 10   57 10   55 10   56 10   56 10   57 10   57 10   57 10   62 10   60
 10   60 10   61 10   58 10   59 10   63 10   63 10   68 10   79 10   89 10  112
 10  136 10  166 10  192 10  231 10  274 10  309 10  334 10  354 10  355 10  328
 10  292 10  252 10  201 10  158 10  121 10  102 10   85 10   73 10   72 10   73
 10   77 10   87 10   96 10  100 10  106 10  106 10  107 10  104 10   93 10   86
 10   76 10   68 10   65 10   64 10   63 10   61 10   58 10   60 10   62 10   58
 10   55 10   56 10   54 10   57 10   58 10   58 10   58 10   58 10   59 10   56
 10   58 10   62 10   58 10   60 10   62 10   60 10   62 10   66 10   62 10   62
 10   68 10   71 10   82 10   85 10   91 10  101 10  107 10  112 10  114 10  112
 10  108 10   96 10   89 10   85 10   77 10   71 10   69 10   64 10   64 10   61
 10   60 10   63 10   59 10   57 10   57 10   58 10   60 10   60 10   58 10   56
 10   59 10   57 10   61 10   61 10   57 10   60 10   59 10   59 10   58 10   57
 10   60 10   61 10   63 10   66 10   64 10   56 10   59 10   63 10   63 10   64
 10   65 10   70 10   76 10   85 10  104 10  135 10  177 10  232 10  310 10  389
 10  452 10  492 10  510 10  490 10  425 10  350 10  271 10  198 10  143 10  110
 10   90 10   80 10   73 10   67 10   65 10   66 10   64 10   68 10   70 10   73
 10   74 10   83 10  104 10  131 10  179 10  253 10  371 10  525 10  712 10  919
 10 1149 10 1354 10 1494 10 1589 10 1587 10 1502 10 1343 10 1124 10  878 10  646
 10  457 10  297 10  193 10  137 10  105 10   86 10   74 10   74 10   73 10   71
 10   66 10   63 10   67 10   67 10   64 10   64 10   64 10   64 10   64 10   67
 10   64 10   60 10   62 10   65 10   68 10   66 10   68 10   66 10   66 10   65
 10   62 10   66 10   65 10   62 10   64 10   65 10   61 10   62 10   63 10   65
 10   66 10   65 10   64 10   66 10   66 10   67 10   71 10   77 10   85 10   99
 10  107 10  114 10  126 10  127 10  129 10  127 10  115 10  107 10   94 10   88
 10   80 10   68 10   68 10   66 10   66 10   67 10   64 10   65 10   64 10   65
 10   68 10   70 10   73 10   68 10   68 10   69 10   70 10   69 10   67 10   68
 10   69 10   62 10   64 10   66 10   69 10   67 10   70 10   68 10   67 10   69
 10   67 10   68 10   73 10   76 10   83 10   97 10  126 10  168 10  238 10  348
 10  521 10  734 10  980 10 1214 10 1355 10 1405 10 1339 10 1153 10  928 10  682
 10  472 10  311 10  216 10  150 10  112 10   89 10   82 10   78 10   74 10   68
 10   71 10   72 10   67 10   68 10   64 10   69 10   66 10   66 10   68 10   69
 10   67 10   68 10   66 10   66 10   72 10   73 10   72 10   79 10   90 10  102
 10  123 10  155 10  185 10  216 10  251 10  272 10  275 10  266 10  242 10  206
 10  173 10  145 10  124 10  101 10   89 10   81 10   71 10   68 10   63 10   63
 10   66 10   71 10   67 10   64 10   64 10   64 10   68 10   68 10   68 10   66
 10   65 10   66 10   70 10   69 10   65 10   65 10   64 10   63 10   64 10   67
 10   66 10   66 10   64 10   64 10   63 10   63 10   64 10   63 10   67 10   66
 10   64 10   68 10   72 10   72 10   69 10   70 10   70 10   71 10   69 10   68
 10   67 10   67 10   71 10   70 10   67 10   66 10   67 10   66 10   67 10   72
 10   72 10   68 10   65 10   66 10   70 10   69 10   70 10   67 10   71 10   69
 10   68 10   68 10   71 10   68 10   70 10   66 10   64 10   63 10   65 10   66
 10   63 10   64 10   65 10   68 10   69 10   67 10   70 10   74 10   79 10   89
 10  105 10  122 10  146 10  177 10  192 10  200 10  192 10  173 10  151 10  125
 10  105 10   89 10   78 10   77 10   74 10   71 10   69 10   67 10   70 10   75
 10   76 10   75 10   76 10   81 10   89 10   99 10  121 10  158 10  219 10  303
 10  440 10  618 10  854 10 1104 10 1347 10 1560 10 1757 10 1956 10 2044 10 2038
 10 1914 10 1674 10 1363 10 1039 10  772 10  576 10  435 10  345 10  273 10  231
 10  201 10  197 10  203 10  216 10  221 10  222 10  202 10  176 10  144 10  121
 10  102 10   87 10   76 10   72 10   68 10   65 10   66 10   67 10   65 10   67
 10   66 10   67 10   67 10   65 10   65 10   63 10   64 10   66 10   66 10   68
 10   66 10   66 10   65 10   68 10   69 10   68 10   67 10   67 10   65 10   63
 10   64 10   66 10   66 10   65 10   66 10   69 10   69 10   69 10   72 10   72
 10   78 10   80 10   76 10   75 10   72 10   68 10   69 10   65 10   63 10   64
 10   61 10   57 10   65 10   64 10   66 10   62 10   60 10   63 10   62 10   64
 10   62 10   60 10   61 10   64 10   64 10   64 10   65 10   64 10   66 10   62
 10   63 10   68 10   65 10   68 10   67 10   67 10   67 10   67 10   63 10   67
 10   66 10   67 10   70 10   66 10   65 10   65 10   66 10   66 10   65 10   65
 10   67 10   66 10   68 10   67 10   70 10   67 10   62 10   66 10   68 10   71
 10   74 10   79 10   86 10   90 10  101 10  111 10  124 10  130 10  139 10  140
 10  150 10  161 10  175 10  205 10  218 10  234 10  251 10  254 10  246 10  226
 10  206 10  188 10  174 10  165 10  155 10  155 10  152 10  143 10  129 10  119
 10  102 10   93 10   86 10   83 10   79 10   80 10   75 10   74 10   72 10   67
 10   69 10   69 10   66 10   69 10   70 10   67 10   66 10   67 10   64 10   66
 10   62 10   64 10   63 10   62 10   64 10   64 10   66 10   65 10   64 10   64
 10   64 10   65 10   67 10   69 10   67 10   72 10   76 10   83 10   94 10  112
 10  134 10  168 10  211 10  239 10  261 10  269 10  256 10  234 10  195 10  152
 10  127 10  107 10   93 10   81 10   77 10   75 10   70 10   66 10   70 10   65
 10   68 10   67 10   67 10   64 10   64 10   65 10   67 10   68 10   67 10   71
 10   70 10   65 10   66 10   69 10   68 10   66 10   69 10   67 10   67 10   67
 10   71 10   72 10   68 10   69 10   70 10   69 10   73 10   78 10   81 10   90
 10  106 10  131 10  181 10  241 10  303 10  370 10  419 10  413 10  384 10  322
 10  249 10  183 10  135 10  112 10   92 10   81 10   78 10   73 10   70 10   70
 10   73 10   74 10   78 10   81 10   88 10   98 10  108 10  119 10  131 10  137
 10  137 10  139 10  144 10  159 10  203 10  266 10  356 10  463 10  555 10  598
 10  622 10  573 10  486 10  383 10  285 10  208 10  155 10  125 10  104 10   94
 10   95 10  101 10  103 10  118 10  133 10  145 10  154 10  149 10  141 10  129
 10  112 10   97 10   86 10   80 10   74 10   74 10   70 10   69 10   68 10   66
 10   68 10   69 10   68 10   72 10   71 10   69 10   66 10   70 10   72 10   71
 10   70 10   69 10   70 10   71 10   72 10   73 10   75 10   72 10   76 10   77
 10   76 10   84 10   95 10  105 10  121 10  138 10  156 10  165 10  165 10  153
 10  146 10  134 10  125 10  116 10  109 10  103 10   96 10   89 10   79 10   77
10    73 9    72 9    69 9    67 9    72 9    71 9    70 9    68 9    63 9    64
 9    66 9    68 9    66 9    66 9    68 9    71 9    68 9    66 9    68 9    68
 9    66 9    68 9    70 9    70 9    72 9    71 9    72 9    74 9    75 9    80
 9    85 9    99 9   122 9   159 9   215 9   325 9   459 9   605 9   742 9   849
 9   886 9   805 9   679 9   520 9   384 9   271 9   197 9   141 9   112 9    94
 9    87 9    80 9    73 9    71 9    71 9    70 9    71 9    71 9    64 9    65
 9    67 9    70 9    73 9    77 9    82 9    89 9   102 9   122 9   152 9   212
 9   290 9   394 9   530 9   633 9   697 9   699 9   667 9   627 9   591 9   612
 9   658 9   737 9   788 9   773 9   705 9   598 9   484 9   385 9   289 9   223
 9   172 9   131 9   112 9    92 9    83 9    76 9    71 9    72 9    72 9    67
 9    67 9    71 9    72 9    67 9    67 9    67 9    64 9    64 9    66 9    63
 9    63 9    63 9    67 9    68 9    66 9    64 9    63 9    65 9    62 9    67
 8    66 8    62 8    63 8    67 8    62 8    61 8    66 8    64 8    66 8    62
 8    63 8    63 8    66 8    65 8    65 8    67 8    65 8    63 8    62 8    66
 8    64 8    64 8    62 8    64 8    62 8    63 8    62 8    68 8    64 8    63
 8    66 8    65 8    67 8    66 8    63 8    65 8    63 8    63 8    64 8    66
 8    69 8    66 8    67 8    70 8    66 8    63 8    66 8    65 8    67 8    65
 8    67 8    63 8    65 8    69 8    68 8    62 8    63 8    65 8    72 8    66
 8    65 8    66 8    65 8    76 8    84 8   101 8   116 8   143 8   180 8   207
 8   226 8   224 8   210 8   194 8   157 8   134 8   114 8   101 8    87 8    77
 8    72 8    71 8    72 8    67 8    64 8    68 8    68 8    68 8    71 8    74
 8    74 8    80 8    90 8    93 8   107 8   136 8   172 8   230 8   324 8   432
 8   559 8   704 8   792 8   816 8   797 8   743 8   684 8   624 8   584 8   544
 8   519 8   500 8   479 8   466 8   465 8   452 8   432 8   385 8   332 8   281
 8   234 7   182 7   150 7   131 7   110 7    96 7    83 7    78 7    70 7    69
 7    71 7    70 7    69 7    67 7    65 7    69 7    66 7    64 7    62 7    65
 7    63 7    63 7    65 7    64 7    69 7    68 7    68 7    63 7    60 7    65
 7    60 7    61 7    65 7    66 7    60 7    63 7    59 7    59 7    62 7    64
 7    64 7    60 7    61 7    61 7    59 7    63 7    66 7    64 7    62 7    61
 7    63 7    65 7    61 7    64 7    64 7    63 7    64 7    65 7    61 7    59
 7    56 7    61 7    64 7    56 7    64 7    63 7    64 7    63 7    60 7    57
 7    61 7    61 7    61 7    60 7    61 7    62 7    62 7    61 7    63 7    62
 7    60 7    62 7    66 7    66 7    63 7    65 7    66 7    67 7    62 7    64
 7    66 7    67 7    64 7    67 7    66 7    66 7    61 7    63 7    61 7    66
 7    65 7    65 7    72 7    76 7    76 7    79 7    88 7   102 7   110 7   119
 7   121 7   117 7   114 7   109 7   101 7    86 7    80 7    77 7    74 7    70
 7    65 6    62 6    65 6    72 6    73 6    72 6    75 6    77 6    84 6    89
 6    94 6   109 6   131 6   156 6   184 6   220 6   242 6   260 6   264 6   267
 6   243 6   224 6   203 6   183 6   171 6   167 6   154 6   149 6   149 6   151
 6   160 6   164 6   159 6   160 6   147 6   144 6   129 6   116 6   106 6    97
 6    81 6    75 6    78 6    74 6    74 6    71 6    67 6    67 6    76 6    79
 6    81 6    81 6    74 6    72 6    73 6    73 6    68 6    70 6    64 6    65
 6    66 6    67 6    62 6    60 6    59 6    61 6    65 6    69 6    65 6    69
 6    65 6    60 6    64 6    69 6    70 6    66 6    72 6    72 6    74 6    76
 6    81 6    89 6   101 6   114 6   136 6   145 6   158 6   158 6   163 6   161
 6   154 6   147 6   141 6   145 6   142 6   159 6   175 6   193 6   222 6   243
 6   251 6   270 6   275 6   257 6   235 6   208 6   179 6   151 6   129 6   108
 6    96 6    86 6    86 6    79 6    73 6    67 6    73 6    68 6    65 6    68
 6    71 5    64 5    67 5    69 5    67 5    66 5    66 5    69 5    66 5    66
 5    65 5    66 5    64 5    62 5    67 5    69 5    67 5    61 5    67 5    69
 5    64 5    69 5    67 5    66 5    63 5    61 5    61 5    68 5    64 5    60
 5    64 5    65 5    65 5    65 5    70 5    70 5    67 5    62 5    66 5    66
 5    67 5    70 5    65 5    66 5    69 5    69 5    64 5    64 5    69 5    76
 5    71 5    74 5    69 5    72 5    73 5    74 5    72 5    71 5    75 5    75
 5    69 5    75 5    73 5    73 5    76 5    75 5    81 5    78 5    85 5    91
 5   100 5   108 5   127 5   140 5   162 5   196 5   227 5   260 5   310 5   360
 5   436 5   519 5   643 5   749 5   868 5   990 5  1114 5  1211 5  1277 5  1285
 5  1272 5  1240 5  1162 5  1073 5   948 5   801 5   681 5   549 5   458 5   371
 5   289 5   230 5   199 5   154 5   119 5   112 5   100 5    99 5    94 5    80
 5    84 5    79 5    80 5    73 5    77 5    80 5    76 5    67 5    67 5    70
 5    79 4    74 4    70 4    66 4    68 4    69 4    71 4    66 4    75 4    74
 4    70 4    73 4    72 4    69 4    74 4    73 4    78 4    75 4    72 4    71
 4    73 4    74 4    68 4    71 4    74 4    72 4    76 4    77 4    76 4    82
 4    87 4    87 4    97 4   102 4   110 4   111 4   118 4   121 4   137 4   133
 4   137 4   134 4   126 4   122 4   118 4   104 4   109 4   104 4   101 4   101
 4    94 4    95 4    99 4   108 4    99 4    99 4    95 4    97 4   100 4    89
 4    91 4    93 4    81 4    87 4    77 4    85 4    83 4    76 4    70 4    72
 4    77 4    80 4    75 4    71 4    69 4    72 4    69 4    81 4    73 4    77
 4    70 4    63 4    69 4    69 4    68 4    73 4    74 4    73 4    76 4    75
 4    70 4    70 4    70 4    69 4    75 4    73 4    67 4    69 4    77 4    70
 4    70 4    74 4    75 4    76 4    67 4    78 4    71 4    70 4    70 4    71
 4    75 4    77 4    75 4    68 4    70 4    73 4    76 4    82 4    77 3    81
 3    89 3    93 3   107 3   111 3   119 3   124 3   147 3   168 3   193 3   234
 3   255 3   290 3   298 3   327 3   367 3   368 3   372 3   351 3   377 3   351
 3   341 3   310 3   261 3   232 3   203 3   181 3   155 3   138 3   128 3   104
 3    95 3    94 3    84 3    90 3    76 3    69 3    74 3    73 3    81 3    76
 3    78 3    81 3    81 3    65 3    74 3    70 3    71 3    71 3    72 3    69
 3    77 3    73 3    79 3    77 3    74 3    78 3    77 3    76 3    74 3    71
 3    75 3    86 3    80 3    86 3    94 3    98 3   104 3   108 3   125 3   137
 3   137 3   155 3   180 3   197 3   219 3   247 3   268 3   313 3   361 3   365
 3   391 3   438 3   471 3   477 3   488 3   497 3   508 3   484 3   473 3   435
 3   404 3   370 3   339 3   293 3   265 3   244 3   212 3   183 3   147 3   145
 3   133 3   122 3   112 3   104 3    89 3    89 3    90 3    90 3    80 3    81
 3    87 3    77 3    77 3    76 3    79 3    70 3    72 3    76 3    70 3    78
 3    76 3    76 3    73 2    74 2    73 2    74 2    78 2    71 2    75 2    72
 2    73 2    70 2    83 2    81 2    77 2    74 2    76 2    68 2    76 2    81
 2    73 2    72 2    77 2    82 2    73 2    79 2    84 2    65 2    74 2    86
 2    70 2    64 2    70 2    62 2    68 2    74 2    78 2    78 2    65 2    80
 2    69 2    88 2    73 2    80 2    72 2    72 2    76 2    74 2    82 2    83
 2    84 2    78 2    87 2    74 2    92 2    75 2    81 2    97 2    82 2    72
 2    84 2    86 2    76 2    86 2    83 2    78 2    82 2    81 2    83 2    80
 2    75 2    69 2    70 2    79 2    67 2    85 2    75 2    68 2    74 2    77
 2    72 2    68 2    71 2    70 2    65 2    71 2    63 2    75 2    77 2    67
 2    76 2    76 2    68 2    70 2    70 2    63 2    73 2    79 2    63 2    74
 2    68 2    69 2    70 2    85 2    80 2    76 2    88 2    79 2    74 2    73
 2    73 2    77 2    71 2    71 2    73 2    68 2    68 2    84 2    79 2    72
 2    70 1    72 1    69 1    78 1    87 1    72 1    77 1    86 1    72 1    72
 1    86 1    66 1    84 1    78 1    73 1    78 1    75 1    69 1    73 1    80
 1    79 1    75 1    63 1    78 1    75 1    73 1    91 1    93 1    85 1    72
 1    73 1    86 1    90 1    92 1   109 1    74 1    85 1    86 1    86 1   108
 1    94 1   119 1   102 1   104 1   110 1   127 1   119 1   117 1   123 1   113
 1   124 1   133 1   109 1   136 1   127 1   143 1   127 1   109 1   115 1   118
 1   113 1   108 1   108 1   116 1    97 1   100 1    89 1   106 1    85 1    91
 1    79 1    92 1    72 1    82 1    97 1    89 1    80 1    80 1    91 1    66
 1    64 1    63 1    87 1    71 1    80 1    80 1    72 1    91 1    62 1    82
 1    92 1    80 1    87 1    99 1    74 1    99 1    82 1    85 1   104 1    85
 1    94 1    94 1   107 1   109 1   106 1   100 1    85 1   123 1   105 1   124
 1   135 1   179 1   141 1   166 1   190 1   192 1   193 1   206 1   223 0     0
   -1000                                                                        
  -10000                                                                        
