# SHAP Beeswarm Plot Raw Data
# Generated: 2025-05-07 01:56:55

# This file contains the raw SHAP values and feature values for each sample and parameter

# Sample_ID,Zero_SHAP,Zero_Value,Lattice a_SHAP,Lattice a_Value,Lattice b_SHAP,Lattice b_Value,Lattice c_SHAP,Lattice c_Value,Biso o1_SHAP,Biso o1_Value,Biso o2_SHAP,Biso o2_Value,Biso o3_SHAP,Biso o3_Value,Biso pb_SHAP,Biso pb_Value,Biso s_SHAP,Biso s_Value,Scale_SHAP,Scale_Value,U_SHAP,U_Value,V_SHAP,V_Value,W_SHAP,W_Value
0,-0.003800,-0.063130,0.001073,8.478745,0.000686,5.396903,0.000878,6.957962,-0.000197,1.989860,-0.000146,1.468490,-0.000131,1.318660,-0.000140,1.413410,-0.000406,0.418490,0.000150,1.481131,-0.000096,0.155708,0.000155,-0.455800,-0.000149,0.419281
1,0.003198,-0.112320,-0.000149,8.479676,-0.000090,5.396710,-0.000104,6.958920,0.000553,1.989710,0.000397,1.468740,0.000369,1.318540,0.000394,1.413200,0.001144,0.418440,-0.000830,1.481661,-0.000027,0.155552,-0.000281,-0.456227,0.000249,0.418996
2,-0.001421,-0.111260,0.000510,8.478763,0.000317,5.396368,0.000404,6.958026,-0.000253,1.989710,-0.000179,1.468570,-0.000166,1.318640,-0.000171,1.413320,-0.000482,0.418450,0.000146,1.480447,0.000388,0.155761,-0.001349,-0.455915,0.001217,0.419095
3,-0.002837,-0.077710,0.001822,8.478920,0.001157,5.396399,0.001493,6.959077,0.000065,1.989570,0.000049,1.468680,0.000042,1.318530,0.000045,1.413380,0.000152,0.418510,0.000172,1.479980,0.000111,0.155505,-0.000328,-0.455857,0.000303,0.418810
4,0.004006,-0.052270,-0.000734,8.479017,-0.000467,5.397103,-0.000600,6.958200,-0.000344,1.989800,-0.000249,1.468630,-0.000226,1.318700,-0.000243,1.413260,-0.000734,0.418470,-0.000151,1.482157,-0.000089,0.155522,0.000294,-0.455550,-0.000271,0.419086
5,0.007249,-0.051490,-0.000546,8.478799,-0.000333,5.396523,-0.000429,6.958554,-0.000144,1.989520,-0.000102,1.468530,-0.000094,1.318500,-0.000107,1.413400,-0.000326,0.418430,0.000069,1.479707,0.000130,0.155544,0.000721,-0.455710,-0.000588,0.419359
6,0.001652,-0.041620,0.000783,8.478586,0.000498,5.396284,0.000629,6.958072,-0.000177,1.989680,-0.000133,1.468460,-0.000120,1.318500,-0.000124,1.413280,-0.000363,0.418460,-0.000658,1.480802,-0.000850,0.155532,0.001768,-0.455633,-0.001689,0.419119
7,-0.007377,-0.098580,0.001109,8.479310,0.000695,5.396557,0.000915,6.958618,0.000949,1.989580,0.000697,1.468490,0.000627,1.318680,0.000671,1.413460,0.001962,0.418460,-0.000096,1.481049,-0.000265,0.155604,0.000645,-0.455577,-0.000599,0.419029
8,-0.000726,-0.090510,0.001401,8.479328,0.000889,5.396494,0.001146,6.959096,0.000003,1.989890,0.000001,1.468550,-0.000000,1.318680,-0.000000,1.413250,0.000005,0.418460,0.000079,1.479839,0.000160,0.155485,-0.000432,-0.455979,0.000396,0.419456
9,0.003066,-0.131830,0.000255,8.478661,0.000164,5.396913,0.000207,6.958869,-0.000435,1.989710,-0.000321,1.468680,-0.000291,1.318540,-0.000306,1.413300,-0.000900,0.418430,-0.000108,1.481453,0.000007,0.155622,-0.000489,-0.455782,0.000421,0.419446
10,0.017890,-0.062160,0.002155,8.478894,0.001377,5.396559,0.001781,6.958107,-0.000483,1.989630,-0.000338,1.468510,-0.000308,1.318630,-0.000347,1.413340,-0.000984,0.418440,-0.000123,1.480114,0.000619,0.155758,-0.000680,-0.455604,0.000699,0.418885
11,-0.000843,-0.040260,0.001142,8.479095,0.000724,5.396379,0.000933,6.958497,-0.000463,1.989830,-0.000344,1.468690,-0.000312,1.318590,-0.000330,1.413350,-0.000971,0.418450,-0.000104,1.480043,-0.000323,0.155577,0.000426,-0.455576,-0.000427,0.418873
12,0.003185,-0.069980,0.000215,8.479493,0.000138,5.396519,0.000181,6.958745,0.000197,1.989780,0.000146,1.468750,0.000131,1.318670,0.000141,1.413330,0.000399,0.418500,-0.000168,1.480010,0.000402,0.155656,-0.000911,-0.455722,0.000849,0.418982
13,0.001451,-0.053890,-0.002975,8.478483,-0.001882,5.396836,-0.002429,6.958995,0.000139,1.989530,0.000110,1.468570,0.000092,1.318580,0.000095,1.413450,0.000262,0.418470,-0.000110,1.481784,0.000091,0.155711,-0.000201,-0.455777,0.000189,0.419029
14,-0.001744,-0.118700,0.001267,8.479517,0.000810,5.396894,0.001036,6.959054,0.000141,1.989520,0.000106,1.468490,0.000095,1.318610,0.000103,1.413250,0.000328,0.418490,0.000074,1.481986,0.000344,0.155564,-0.001112,-0.456142,0.001012,0.418772
15,-0.004862,-0.124860,-0.000629,8.479266,-0.000410,5.397159,-0.000527,6.958877,0.000351,1.989870,0.000255,1.468590,0.000232,1.318470,0.000251,1.413370,0.000755,0.418450,0.000137,1.481585,-0.000377,0.155753,0.000766,-0.456287,-0.000740,0.419308
16,-0.008084,-0.133820,0.000659,8.479478,0.000421,5.397176,0.000543,6.958742,0.000309,1.989510,0.000229,1.468520,0.000210,1.318570,0.000218,1.413270,0.000632,0.418500,-0.000327,1.479796,0.000036,0.155563,0.000303,-0.456274,-0.000247,0.418868
17,-0.006064,-0.115970,0.001682,8.479588,0.001066,5.396987,0.001369,6.958186,-0.000184,1.989550,-0.000136,1.468670,-0.000121,1.318510,-0.000127,1.413270,-0.000378,0.418480,0.000066,1.481916,0.000167,0.155557,-0.000476,-0.455659,0.000428,0.418783
18,0.040071,-0.119280,-0.007090,8.478220,-0.004489,5.396323,-0.005800,6.958407,-0.000270,1.989750,-0.000194,1.468530,-0.000174,1.318560,-0.000190,1.413290,-0.000529,0.418480,-0.000335,1.479584,0.000056,0.155636,-0.000045,-0.455931,0.000051,0.418826
19,0.001454,-0.039980,0.000212,8.479076,0.000131,5.397199,0.000165,6.959091,0.000028,1.989840,0.000021,1.468500,0.000018,1.318610,0.000018,1.413210,0.000065,0.418430,-0.000152,1.482113,-0.000154,0.155740,0.000301,-0.456225,-0.000294,0.419099
20,-0.000992,-0.076990,-0.001246,8.478159,-0.000799,5.396497,-0.001034,6.958711,-0.000174,1.989560,-0.000125,1.468550,-0.000116,1.318620,-0.000123,1.413260,-0.000391,0.418450,0.000026,1.482106,-0.000069,0.155476,0.000426,-0.455542,-0.000370,0.418828
21,-0.000904,-0.061160,0.001794,8.479268,0.001147,5.396853,0.001475,6.959044,0.000282,1.989640,0.000206,1.468460,0.000180,1.318560,0.000202,1.413380,0.000605,0.418460,-0.000156,1.481328,0.000136,0.155497,-0.000811,-0.455700,0.000723,0.419030
22,0.007355,-0.114700,-0.001865,8.478439,-0.001188,5.396310,-0.001521,6.958932,-0.000274,1.989810,-0.000201,1.468460,-0.000174,1.318510,-0.000200,1.413340,-0.000582,0.418450,-0.000107,1.479495,0.000071,0.155599,0.000296,-0.456177,-0.000225,0.419023
23,-0.010668,-0.053120,-0.000387,8.478949,-0.000253,5.397189,-0.000328,6.958940,-0.000054,1.989610,-0.000046,1.468700,-0.000041,1.318560,-0.000037,1.413360,-0.000109,0.418470,0.000313,1.481184,0.000227,0.155682,-0.001170,-0.456210,0.001038,0.419034
24,-0.005266,-0.070990,0.001428,8.478073,0.000907,5.396575,0.001162,6.958418,0.000046,1.989710,0.000033,1.468670,0.000031,1.318630,0.000037,1.413380,0.000120,0.418450,-0.000046,1.482201,-0.000041,0.155466,-0.000081,-0.455673,0.000044,0.419422
25,-0.000393,-0.115390,-0.002408,8.478906,-0.001528,5.397198,-0.001974,6.957986,-0.000442,1.989860,-0.000324,1.468690,-0.000294,1.318550,-0.000315,1.413270,-0.000971,0.418470,-0.000140,1.480981,0.001020,0.155731,-0.002830,-0.455505,0.002617,0.418886
26,0.000031,-0.086520,0.000720,8.479353,0.000455,5.396264,0.000594,6.957924,-0.000060,1.989640,-0.000043,1.468730,-0.000036,1.318620,-0.000041,1.413380,-0.000125,0.418480,0.000431,1.479285,-0.000081,0.155568,0.000248,-0.455665,-0.000224,0.419177
27,0.001812,-0.042940,0.000557,8.478878,0.000355,5.397191,0.000457,6.959075,0.000022,1.989630,0.000014,1.468690,0.000013,1.318480,0.000015,1.413360,0.000065,0.418490,0.000118,1.481774,0.000052,0.155551,-0.000221,-0.455606,0.000209,0.418754
28,-0.001381,-0.116880,0.000355,8.478115,0.000221,5.396402,0.000281,6.957883,0.000451,1.989850,0.000333,1.468740,0.000295,1.318450,0.000322,1.413320,0.000962,0.418510,0.000145,1.481802,0.000315,0.155733,-0.000902,-0.455897,0.000823,0.419394
29,0.005392,-0.085830,0.004692,8.479015,0.002983,5.396533,0.003841,6.958548,-0.000108,1.989630,-0.000074,1.468670,-0.000072,1.318480,-0.000077,1.413350,-0.000210,0.418480,-0.000007,1.479962,-0.000186,0.155707,0.000491,-0.455552,-0.000453,0.419167
30,0.010200,-0.062250,-0.001502,8.479212,-0.000957,5.396669,-0.001233,6.958035,-0.001234,1.989810,-0.000907,1.468730,-0.000812,1.318510,-0.000874,1.413220,-0.002623,0.418500,-0.000070,1.479295,-0.000289,0.155735,0.001047,-0.456280,-0.000948,0.419083
31,-0.007074,-0.072290,0.000670,8.479108,0.000427,5.396403,0.000547,6.958558,0.000013,1.989530,0.000010,1.468630,0.000010,1.318510,0.000011,1.413440,0.000033,0.418480,-0.000048,1.480783,0.000509,0.155635,-0.001319,-0.456161,0.001223,0.419134
32,0.001044,-0.060280,0.002620,8.478947,0.001675,5.396453,0.002164,6.957973,-0.000191,1.989780,-0.000138,1.468530,-0.000125,1.318600,-0.000134,1.413240,-0.000407,0.418500,-0.000566,1.480606,0.000199,0.155659,-0.000558,-0.455485,0.000522,0.419452
33,0.001208,-0.079200,0.000576,8.478386,0.000362,5.396560,0.000466,6.957849,-0.000335,1.989660,-0.000250,1.468730,-0.000228,1.318510,-0.000241,1.413300,-0.000708,0.418490,0.000118,1.481962,-0.000022,0.155599,-0.000390,-0.455588,0.000326,0.419139
34,0.006322,-0.103120,0.000753,8.478985,0.000485,5.396783,0.000622,6.958169,0.000042,1.989870,0.000031,1.468570,0.000022,1.318550,0.000026,1.413250,0.000107,0.418480,0.000382,1.480807,0.000232,0.155575,-0.000833,-0.456350,0.000761,0.419401
35,0.002853,-0.041010,-0.002207,8.479319,-0.001402,5.396602,-0.001801,6.958657,-0.000128,1.989730,-0.000093,1.468480,-0.000086,1.318510,-0.000091,1.413330,-0.000298,0.418480,-0.000253,1.480067,-0.000131,0.155630,0.000672,-0.456100,-0.000586,0.418917
36,0.013734,-0.099780,0.000046,8.479478,0.000028,5.397250,0.000043,6.958318,-0.000186,1.989700,-0.000135,1.468650,-0.000123,1.318480,-0.000139,1.413350,-0.000415,0.418490,0.000182,1.480686,0.000129,0.155668,-0.000333,-0.456334,0.000315,0.419091
37,0.003332,-0.043820,0.002447,8.478455,0.001553,5.397099,0.001999,6.957707,-0.000043,1.989520,-0.000029,1.468700,-0.000031,1.318620,-0.000031,1.413240,-0.000082,0.418500,0.000212,1.479708,0.000069,0.155546,-0.000374,-0.455656,0.000330,0.419377
38,-0.004176,-0.121970,-0.000526,8.479064,-0.000339,5.397112,-0.000422,6.959074,-0.000136,1.989790,-0.000099,1.468550,-0.000087,1.318700,-0.000096,1.413280,-0.000312,0.418510,-0.000256,1.481364,-0.000507,0.155571,0.001549,-0.456317,-0.001413,0.418989
39,-0.004143,-0.057330,-0.000474,8.478108,-0.000304,5.396710,-0.000400,6.958407,0.000189,1.989730,0.000140,1.468610,0.000123,1.318460,0.000133,1.413350,0.000395,0.418480,-0.000025,1.480047,-0.000180,0.155537,0.000422,-0.456056,-0.000397,0.419494
40,-0.002065,-0.109070,-0.000477,8.478465,-0.000302,5.397107,-0.000399,6.958745,0.000065,1.989890,0.000047,1.468630,0.000042,1.318480,0.000046,1.413220,0.000141,0.418460,0.000068,1.479766,-0.000152,0.155733,0.000059,-0.455929,-0.000081,0.419293
41,0.002640,-0.097240,0.000323,8.478388,0.000216,5.396412,0.000278,6.958420,-0.000033,1.989800,-0.000024,1.468630,-0.000025,1.318560,-0.000027,1.413290,-0.000066,0.418500,0.000239,1.479481,0.000268,0.155475,-0.000774,-0.455839,0.000721,0.418868
42,0.003809,-0.131780,-0.000037,8.478421,-0.000021,5.397192,-0.000042,6.957948,0.000535,1.989800,0.000398,1.468700,0.000353,1.318460,0.000379,1.413330,0.001166,0.418490,0.000155,1.482171,0.000092,0.155624,-0.000588,-0.456266,0.000515,0.419424
43,-0.008308,-0.086690,-0.000058,8.479289,-0.000040,5.396347,-0.000049,6.958085,0.000643,1.989730,0.000470,1.468510,0.000415,1.318650,0.000457,1.413410,0.001358,0.418480,-0.000167,1.480661,0.000108,0.155732,-0.000830,-0.455605,0.000724,0.419123
44,0.000071,-0.136000,0.002590,8.478543,0.001654,5.396380,0.002138,6.958893,-0.000137,1.989820,-0.000100,1.468620,-0.000089,1.318640,-0.000097,1.413370,-0.000278,0.418450,-0.000095,1.480737,0.000178,0.155629,-0.000444,-0.455662,0.000423,0.418947
45,0.013060,-0.057610,-0.000335,8.479406,-0.000219,5.396514,-0.000275,6.959081,-0.000085,1.989670,-0.000064,1.468570,-0.000061,1.318550,-0.000067,1.413460,-0.000187,0.418430,0.000374,1.479394,0.000002,0.155586,0.000213,-0.455810,-0.000177,0.419440
46,0.006350,-0.039770,-0.001523,8.478601,-0.000969,5.397173,-0.001254,6.958471,-0.001091,1.989900,-0.000802,1.468600,-0.000719,1.318460,-0.000771,1.413190,-0.002297,0.418500,-0.000204,1.482175,-0.000233,0.155563,0.000368,-0.455599,-0.000375,0.418916
47,-0.003450,-0.126380,-0.000423,8.479560,-0.000269,5.396341,-0.000344,6.958646,-0.000703,1.989830,-0.000519,1.468640,-0.000458,1.318670,-0.000500,1.413460,-0.001500,0.418510,-0.000180,1.479823,-0.000080,0.155722,0.000300,-0.456372,-0.000269,0.419437
48,-0.002223,-0.059600,0.002788,8.478315,0.001768,5.396460,0.002275,6.957911,0.000028,1.989610,0.000020,1.468580,0.000017,1.318700,0.000018,1.413270,0.000090,0.418440,0.000361,1.481733,-0.000378,0.155609,0.000729,-0.455710,-0.000707,0.419408
49,-0.008319,-0.109600,0.002095,8.479164,0.001327,5.396998,0.001710,6.958609,0.000418,1.989810,0.000309,1.468720,0.000280,1.318570,0.000298,1.413410,0.000887,0.418490,-0.000143,1.480252,-0.000348,0.155764,0.000929,-0.456165,-0.000869,0.418989
