25.0000 38.7928
25.2000 31.2664
25.4000 33.9112
25.6000 31.2072
25.8000 50.9704
26.0000 32.0000
26.2000 42.9704
26.4000 37.8224
26.6000 29.9704
26.8000 29.6216
27.0000 41.5560
27.2000 32.5328
27.4000 50.7632
27.6000 55.5264
27.8000 56.2664
28.0000 92.4736
28.2000 276.6576
28.4000 2764.8960
28.6000 17286.5328
28.8000 379.0824
29.0000 104.0000
29.2000 66.2896
29.4000 43.7928
29.6000 39.6448
29.8000 48.7040
30.0000 25.4440
30.2000 31.8520
30.4000 27.1480
30.6000 26.0296
30.8000 12.2072
31.0000 21.3256
31.2000 24.0296
31.4000 23.9704
31.6000 23.0296
31.8000 21.0000
32.0000 20.0000
32.2000 26.1776
32.4000 38.0592
32.6000 53.2664
32.8000 106.7696
33.0000 1875.4016
33.2000 2337.1624
33.4000 77.2072
33.6000 33.0888
33.8000 36.5560
34.0000 32.8224
34.2000 20.0888
34.4000 18.9112
34.6000 20.8520
34.8000 22.7928
35.0000 17.1184
35.2000 16.1184
35.4000 20.8816
35.6000 16.0296
35.8000 19.2960
36.0000 12.2368
36.2000 12.1184
36.4000 15.1480
36.6000 18.9112
36.8000 14.7632
37.0000 23.9704
37.2000 13.2960
37.4000 12.1184
37.6000 14.9112
37.8000 17.2072
38.0000 16.0000
38.2000 12.0000
38.4000 21.6448
38.6000 21.6448
38.8000 12.9112
39.0000 15.8224
39.2000 15.7928
39.4000 15.9704
39.6000 15.9704
39.8000 9.3552
40.0000 12.0296
40.2000 13.0000
40.4000 22.6152
40.6000 9.2072
40.8000 10.0592
41.0000 10.0888
41.2000 15.8816
41.4000 15.0296
41.6000 12.2664
41.8000 14.9112
42.0000 12.0000
42.2000 12.2072
42.4000 13.0888
42.6000 20.0296
42.8000 19.9704
43.0000 13.0592
43.2000 18.8816
43.4000 12.2960
43.6000 12.0296
43.8000 11.9408
44.0000 15.1776
44.2000 10.2072
44.4000 15.1480
44.6000 16.7928
44.8000 15.0000
45.0000 19.7632
45.2000 19.7632
45.4000 15.2664
45.6000 19.1480
45.8000 19.8520
46.0000 21.3256
46.2000 28.1184
46.4000 31.0296
46.6000 45.7632
46.8000 50.1776
47.0000 65.4736
47.2000 202.8056
47.4000 2615.0312
47.6000 6971.0688
47.8000 208.9936
48.0000 57.3848
48.2000 40.1776
48.4000 36.0592
48.6000 29.5856
48.8000 20.0592
49.0000 15.0296
49.2000 23.7928
49.4000 12.2368
49.6000 11.9408
49.8000 12.0888
50.0000 13.0592
50.2000 12.1184
50.4000 24.8520
50.6000 19.5264
50.8000 10.1480
51.0000 12.2072
51.2000 12.0000
51.4000 14.8520
51.6000 18.7336
51.8000 16.0888
52.0000 20.6744
52.2000 19.0888
52.4000 20.7632
52.6000 19.8520
52.8000 19.0592
53.0000 12.8224
53.2000 21.8224
53.4000 12.2072
53.6000 16.1184
53.8000 15.9112
54.0000 19.8816
54.2000 24.7632
54.4000 19.7632
54.6000 12.3256
54.8000 23.9112
55.0000 24.1184
55.2000 24.2368
55.4000 32.9704
55.6000 31.3552
55.8000 49.0296
56.0000 136.5920
56.2000 572.2776
56.4000 3614.6112
56.6000 440.6784
56.8000 85.5264
57.0000 55.4672
57.2000 32.9704
57.4000 35.7040
57.6000 20.2664
57.8000 22.0296
58.0000 22.8224
58.2000 29.6152
58.4000 22.9408
58.6000 21.1184
58.8000 61.6448
59.0000 315.2944
59.2000 593.7912
59.4000 58.6448
59.6000 24.1776
59.8000 19.8816
60.0000 12.0888
60.2000 10.2960
60.4000 10.0592
60.6000 10.0592
60.8000 12.0296
61.0000 5.0592
61.2000 9.0888
61.4000 11.9408
61.6000 19.8520
61.8000 10.0000
62.0000 8.9112
62.2000 11.9408
62.4000 11.9112
62.6000 11.7632
62.8000 11.9408
63.0000 7.1480
63.2000 5.1184
63.4000 7.0000
63.6000 12.9112
63.8000 9.9112
64.0000 8.9408
64.2000 12.0296
64.4000 12.0000
64.6000 10.0000
64.8000 20.5856
65.0000 9.9112
65.2000 11.9112
65.4000 12.9112
65.6000 5.1480
65.8000 12.0296
66.0000 7.2664
66.2000 6.0296
66.4000 7.0888
66.6000 11.9408
66.8000 8.9112
67.0000 9.0888
67.2000 11.9408
67.4000 4.2664
67.6000 9.1184
67.8000 10.1776
68.0000 14.7632
68.2000 15.9112
68.4000 12.3848
68.6000 20.8520
68.8000 10.0888
69.0000 27.3256
69.2000 43.8584
69.4000 2183.4008
69.6000 1092.5872
69.8000 46.9704
70.0000 21.0888
70.2000 10.3256
70.4000 11.9408
70.6000 12.0000
70.8000 12.9704
71.0000 15.8224
71.2000 12.0888
71.4000 5.0592
71.6000 15.6448
71.8000 13.0888
72.0000 9.0888
72.2000 12.7632
72.4000 11.9408
72.6000 14.7336
72.8000 10.1776
73.0000 15.8224
73.2000 12.0888
73.4000 6.1776
73.6000 16.0000
73.8000 11.9408
74.0000 10.0000
74.2000 12.9704
74.4000 6.0888
74.6000 10.0000
74.8000 13.4144
75.0000 12.9704
75.2000 16.8816
75.4000 22.7928
75.6000 23.7632
75.8000 25.7336
76.0000 29.8520
76.2000 46.1480
76.4000 65.6216
76.6000 878.4920
76.8000 494.4864
77.0000 302.5664
77.2000 58.6152
77.4000 27.1480
77.6000 32.0000
77.8000 17.1480
78.0000 25.0296
78.2000 24.0296
78.4000 25.8520
78.6000 42.3552
78.8000 56.5624
79.0000 1153.6128
79.2000 359.0088
79.4000 164.0464
79.6000 29.8520
79.8000 26.9112
80.0000 15.1184
80.2000 21.9112
80.4000 22.7040
80.6000 15.9112
80.8000 14.9112
81.0000 14.9112
81.2000 6.1184
81.4000 4.1480
81.6000 4.0888
81.8000 4.4736
82.0000 12.0000
82.2000 10.0000
82.4000 10.0592
82.6000 13.0592
82.8000 7.0888
83.0000 12.9112
83.2000 11.9112
83.4000 16.1184
83.6000 19.0000
83.8000 12.9704
84.0000 9.8520
84.2000 4.1480
84.4000 13.0888
84.6000 10.0000
84.8000 11.8224
85.0000 7.1480
85.2000 10.0592
85.4000 15.9704
85.6000 10.0592
85.8000 18.7336
86.0000 14.8520
86.2000 14.9112
86.4000 23.9408
86.6000 15.8224
86.8000 18.9112
87.0000 16.3256
87.2000 14.9112
87.4000 20.0000
87.6000 23.6448
87.8000 32.1184
88.0000 53.5032
88.2000 134.7992
88.4000 3535.4240
88.6000 557.6264
88.8000 181.9872
89.0000 37.1776
89.2000 21.1480
89.4000 16.1776
89.6000 16.1776
89.8000 20.0000
90.0000 12.0000
90.2000 15.9112
90.4000 11.9408
90.6000 17.1776
90.8000 8.8816
91.0000 10.1480
91.2000 12.9704
91.4000 11.9408
91.6000 11.9408
91.8000 12.0296
92.0000 10.0592
92.2000 6.1776
92.4000 9.0888
92.6000 15.1480
92.8000 15.7928
93.0000 10.1480
93.2000 12.0296
93.4000 15.8816
93.6000 14.9112
93.8000 10.0888
94.0000 21.0592
94.2000 18.9112
94.4000 16.9704
94.6000 26.7928
94.8000 47.2664
95.0000 58.5560
95.2000 159.9832
95.4000 2468.5056
95.6000 424.6136
95.8000 222.1584
96.0000 42.0000
96.2000 30.6744
96.4000 20.0592
96.6000 20.8520
96.8000 10.1776
97.0000 19.0888
97.2000 20.7336
97.4000 15.8816
97.6000 15.6744
97.8000 10.0888
98.0000 10.0000
98.2000 12.9112
98.4000 7.0888
98.6000 7.0888
98.8000 12.9112
99.0000 15.9704
99.2000 9.0296
99.4000 6.1184
99.6000 6.1184
99.8000 11.9408
100.0000 10.0592
