# 2-Theta   Intensity
24.9743   32.0
24.9993   39.0
25.0243   32.0
25.0493   32.0
25.0743   32.0
25.0993   28.0
25.1243   38.0
25.1493   36.0
25.1743   53.0
25.1993   31.0
25.2243   40.0
25.2493   38.0
25.2743   43.0
25.2993   47.0
25.3243   38.0
25.3493   34.0
25.3743   31.0
25.3993   34.0
25.4243   31.0
25.4493   36.0
25.4743   27.0
25.4993   44.0
25.5243   38.0
25.5493   37.0
25.5743   36.0
25.5993   31.0
25.6243   38.0
25.6493   42.0
25.6743   37.0
25.6993   60.0
25.7243   59.0
25.7493   77.0
25.7743   60.0
25.7993   51.0
25.8243   50.0
25.8493   44.0
25.8743   42.0
25.8993   32.0
25.9243   38.0
25.9493   38.0
25.9743   32.0
25.9993   32.0
26.0243   32.0
26.0493   31.0
26.0743   43.0
26.0993   33.0
26.1243   37.0
26.1493   31.0
26.1743   33.0
26.1993   43.0
26.2243   42.0
26.2493   46.0
26.2743   37.0
26.2993   26.0
26.3243   31.0
26.3493   39.0
26.3743   46.0
26.3993   38.0
26.4243   32.0
26.4493   29.0
26.4743   37.0
26.4993   38.0
26.5243   30.0
26.5493   42.0
26.5743   25.0
26.5993   30.0
26.6243   29.0
26.6493   34.0
26.6743   37.0
26.6993   43.0
26.7243   32.0
26.7493   28.0
26.7743   32.0
26.7993   29.0
26.8243   50.0
26.8493   29.0
26.8743   33.0
26.8993   43.0
26.9243   31.0
26.9493   42.0
26.9743   33.0
26.9993   42.0
27.0243   27.0
27.0493   39.0
27.0743   26.0
27.0993   24.0
27.1243   38.0
27.1493   24.0
27.1743   43.0
27.1993   32.0
27.2243   50.0
27.2493   43.0
27.2743   31.0
27.2993   42.0
27.3243   54.0
27.3493   37.0
27.3743   37.0
27.3993   51.0
27.4243   43.0
27.4493   28.0
27.4743   38.0
27.4993   44.0
27.5243   34.0
27.5493   47.0
27.5743   50.0
27.5993   56.0
27.6243   40.0
27.6493   47.0
27.6743   53.0
27.6993   60.0
27.7243   50.0
27.7493   53.0
27.7743   57.0
27.7993   56.0
27.8243   65.0
27.8493   56.0
27.8743   70.0
27.8993   86.0
27.9243   72.0
27.9493   94.0
27.9743   88.0
27.9993   92.0
28.0243   108.0
28.0493   118.0
28.0743   129.0
28.0993   144.0
28.1243   187.0
28.1493   187.0
28.1743   278.0
28.1993   275.0
28.2243   331.0
28.2493   424.0
28.2743   556.0
28.2993   655.0
28.3243   936.0
28.3493   1274.0
28.3743   1866.0
28.3993   2735.0
28.4243   3745.0
28.4493   5610.0
28.4743   8519.0
28.4993   13665.0
28.5243   22530.0
28.5493   28459.0
28.5743   23994.0
28.5993   17397.0
28.6243   13665.0
28.6493   8611.0
28.6743   3540.0
28.6993   1239.0
28.7243   739.0
28.7493   552.0
28.7743   453.0
28.7993   380.0
28.8243   349.0
28.8493   299.0
28.8743   219.0
28.8993   184.0
28.9243   174.0
28.9493   151.0
28.9743   116.0
28.9993   104.0
29.0243   104.0
29.0493   96.0
29.0743   82.0
29.0993   60.0
29.1243   62.0
29.1493   67.0
29.1743   50.0
29.1993   67.0
29.2243   43.0
29.2493   47.0
29.2743   54.0
29.2993   42.0
29.3243   53.0
29.3493   44.0
29.3743   43.0
29.3993   44.0
29.4243   37.0
29.4493   49.0
29.4743   49.0
29.4993   53.0
29.5243   47.0
29.5493   40.0
29.5743   34.0
29.5993   40.0
29.6243   28.0
29.6493   47.0
29.6743   38.0
29.6993   31.0
29.7243   32.0
29.7493   43.0
29.7743   43.0
29.7993   49.0
29.8243   39.0
29.8493   34.0
29.8743   44.0
29.8993   28.0
29.9243   31.0
29.9493   25.0
29.9743   38.0
29.9993   25.0
30.0243   40.0
30.0493   28.0
30.0743   38.0
30.0993   34.0
30.1243   31.0
30.1493   34.0
30.1743   32.0
30.1993   32.0
30.2243   27.0
30.2493   32.0
30.2743   31.0
30.2993   29.0
30.3243   30.0
30.3493   26.0
30.3743   32.0
30.3993   27.0
30.4243   32.0
30.4493   31.0
30.4743   23.0
30.4993   40.0
30.5243   30.0
30.5493   25.0
30.5743   36.0
30.5993   26.0
30.6243   27.0
30.6493   24.0
30.6743   30.0
30.6993   26.0
30.7243   31.0
30.7493   27.0
30.7743   34.0
30.7993   12.0
30.8243   19.0
30.8493   29.0
30.8743   27.0
30.8993   22.0
30.9243   25.0
30.9493   25.0
30.9743   24.0
30.9993   21.0
31.0243   32.0
31.0493   31.0
31.0743   20.0
31.0993   28.0
31.1243   31.0
31.1493   21.0
31.1743   24.0
31.1993   24.0
31.2243   25.0
31.2493   20.0
31.2743   24.0
31.2993   27.0
31.3243   32.0
31.3493   30.0
31.3743   20.0
31.3993   24.0
31.4243   23.0
31.4493   25.0
31.4743   23.0
31.4993   21.0
31.5243   32.0
31.5493   21.0
31.5743   24.0
31.5993   23.0
31.6243   24.0
31.6493   26.0
31.6743   30.0
31.6993   27.0
31.7243   27.0
31.7493   21.0
31.7743   22.0
31.7993   21.0
31.8243   21.0
31.8493   25.0
31.8743   29.0
31.8993   20.0
31.9243   23.0
31.9493   32.0
31.9743   49.0
31.9993   20.0
32.0243   20.0
32.0493   24.0
32.0743   26.0
32.0993   40.0
32.1243   26.0
32.1493   32.0
32.1743   28.0
32.1993   26.0
32.2243   32.0
32.2493   29.0
32.2743   31.0
32.2993   22.0
32.3243   32.0
32.3493   30.0
32.3743   31.0
32.3993   38.0
32.4243   40.0
32.4493   47.0
32.4743   47.0
32.4993   46.0
32.5243   53.0
32.5493   44.0
32.5743   43.0
32.5993   53.0
32.6243   62.0
32.6493   56.0
32.6743   72.0
32.6993   77.0
32.7243   70.0
32.7493   84.0
32.7743   121.0
32.7993   106.0
32.8243   132.0
32.8493   210.0
32.8743   272.0
32.8993   368.0
32.9243   552.0
32.9493   795.0
32.9743   1204.0
32.9993   1840.0
33.0243   3036.0
33.0493   5241.0
33.0743   7726.0
33.0993   7447.0
33.1243   5299.0
33.1493   4186.0
33.1743   3806.0
33.1993   2381.0
33.2243   900.0
33.2493   349.0
33.2743   228.0
33.2993   193.0
33.3243   146.0
33.3493   108.0
33.3743   112.0
33.3993   77.0
33.4243   84.0
33.4493   57.0
33.4743   65.0
33.4993   75.0
33.5243   43.0
33.5493   50.0
33.5743   50.0
33.5993   33.0
33.6243   36.0
33.6493   43.0
33.6743   32.0
33.6993   40.0
33.7243   34.0
33.7493   25.0
33.7743   30.0
33.7993   37.0
33.8243   22.0
33.8493   19.0
33.8743   25.0
33.8993   12.0
33.9243   23.0
33.9493   32.0
33.9743   28.0
33.9993   33.0
34.0243   27.0
34.0493   15.0
34.0743   29.0
34.0993   23.0
34.1243   24.0
34.1493   19.0
34.1743   24.0
34.1993   20.0
34.2243   23.0
34.2493   24.0
34.2743   20.0
34.2993   31.0
34.3243   25.0
34.3493   33.0
34.3743   20.0
34.3993   19.0
34.4243   16.0
34.4493   22.0
34.4743   12.0
34.4993   13.0
34.5243   19.0
34.5493   26.0
34.5743   25.0
34.5993   21.0
34.6243   16.0
34.6493   17.0
34.6743   19.0
34.6993   17.0
34.7243   13.0
34.7493   21.0
34.7743   29.0
34.7993   23.0
34.8243   16.0
34.8493   29.0
34.8743   25.0
34.8993   19.0
34.9243   16.0
34.9493   17.0
34.9743   25.0
34.9993   17.0
35.0243   21.0
35.0493   12.0
35.0743   15.0
35.0993   25.0
35.1243   20.0
35.1493   19.0
35.1743   19.0
35.1993   16.0
35.2243   20.0
35.2493   24.0
35.2743   16.0
35.2993   15.0
35.3243   21.0
35.3493   12.0
35.3743   26.0
35.3993   21.0
35.4243   17.0
35.4493   26.0
35.4743   15.0
35.4993   19.0
35.5243   12.0
35.5493   20.0
35.5743   16.0
35.5993   16.0
35.6243   17.0
35.6493   17.0
35.6743   20.0
35.6993   24.0
35.7243   21.0
35.7493   26.0
35.7743   17.0
35.7993   19.0
35.8243   29.0
35.8493   16.0
35.8743   21.0
35.8993   10.0
35.9243   16.0
35.9493   21.0
35.9743   13.0
35.9993   12.0
36.0243   20.0
36.0493   12.0
36.0743   24.0
36.0993   19.0
36.1243   21.0
36.1493   17.0
36.1743   16.0
36.1993   12.0
36.2243   16.0
36.2493   16.0
36.2743   12.0
36.2993   27.0
36.3243   16.0
36.3493   15.0
36.3743   15.0
36.3993   15.0
36.4243   20.0
36.4493   16.0
36.4743   19.0
36.4993   19.0
36.5243   12.0
36.5493   27.0
36.5743   13.0
36.5993   19.0
36.6243   16.0
36.6493   27.0
36.6743   15.0
36.6993   22.0
36.7243   13.0
36.7493   15.0
36.7743   17.0
36.7993   15.0
36.8243   7.0
36.8493   16.0
36.8743   15.0
36.8993   5.0
36.9243   20.0
36.9493   20.0
36.9743   19.0
36.9993   24.0
37.0243   23.0
37.0493   16.0
37.0743   20.0
37.0993   21.0
37.1243   17.0
37.1493   20.0
37.1743   12.0
37.1993   13.0
37.2243   23.0
37.2493   7.0
37.2743   13.0
37.2993   10.0
37.3243   19.0
37.3493   12.0
37.3743   13.0
37.3993   12.0
37.4243   16.0
37.4493   10.0
37.4743   13.0
37.4993   12.0
37.5243   12.0
37.5493   17.0
37.5743   16.0
37.5993   15.0
37.6243   12.0
37.6493   16.0
37.6743   6.0
37.6993   16.0
37.7243   16.0
37.7493   16.0
37.7743   10.0
37.7993   17.0
37.8243   24.0
37.8493   10.0
37.8743   22.0
37.8993   24.0
37.9243   23.0
37.9493   16.0
37.9743   21.0
37.9993   16.0
38.0243   16.0
38.0493   16.0
38.0743   24.0
38.0993   12.0
38.1243   24.0
38.1493   21.0
38.1743   16.0
38.1993   12.0
38.2243   12.0
38.2493   21.0
38.2743   20.0
38.2993   16.0
38.3243   16.0
38.3493   12.0
38.3743   7.0
38.3993   22.0
38.4243   10.0
38.4493   13.0
38.4743   16.0
38.4993   16.0
38.5243   13.0
38.5493   12.0
38.5743   16.0
38.5993   22.0
38.6243   10.0
38.6493   15.0
38.6743   16.0
38.6993   7.0
38.7243   16.0
38.7493   16.0
38.7743   17.0
38.7993   13.0
38.8243   10.0
38.8493   16.0
38.8743   12.0
38.8993   16.0
38.9243   12.0
38.9493   10.0
38.9743   17.0
38.9993   16.0
39.0243   10.0
39.0493   10.0
39.0743   15.0
39.0993   16.0
39.1243   19.0
39.1493   13.0
39.1743   20.0
39.1993   16.0
39.2243   9.0
39.2493   12.0
39.2743   12.0
39.2993   15.0
39.3243   15.0
39.3493   16.0
39.3743   10.0
39.3993   16.0
39.4243   15.0
39.4493   17.0
39.4743   19.0
39.4993   13.0
39.5243   7.0
39.5493   22.0
39.5743   16.0
39.5993   16.0
39.6243   15.0
39.6493   12.0
39.6743   22.0
39.6993   20.0
39.7243   12.0
39.7493   13.0
39.7743   17.0
39.7993   9.0
39.8243   21.0
39.8493   16.0
39.8743   12.0
39.8993   16.0
39.9243   7.0
39.9493   12.0
39.9743   15.0
39.9993   12.0
40.0243   13.0
40.0493   13.0
40.0743   15.0
40.0993   12.0
40.1243   13.0
40.1493   12.0
40.1743   15.0
40.1993   13.0
40.2243   13.0
40.2493   12.0
40.2743   16.0
40.2993   22.0
40.3243   16.0
40.3493   15.0
40.3743   13.0
40.3993   23.0
40.4243   10.0
40.4493   13.0
40.4743   12.0
40.4993   21.0
40.5243   5.0
40.5493   15.0
40.5743   12.0
40.5993   9.0
40.6243   16.0
40.6493   17.0
40.6743   19.0
40.6993   17.0
40.7243   9.0
40.7493   16.0
40.7743   16.0
40.7993   10.0
40.8243   12.0
40.8493   20.0
40.8743   20.0
40.8993   16.0
40.9243   16.0
40.9493   10.0
40.9743   6.0
40.9993   10.0
41.0243   13.0
41.0493   17.0
41.0743   15.0
41.0993   13.0
41.1243   10.0
41.1493   19.0
41.1743   16.0
41.1993   16.0
41.2243   12.0
41.2493   19.0
41.2743   12.0
41.2993   13.0
41.3243   13.0
41.3493   5.0
41.3743   12.0
41.3993   15.0
41.4243   16.0
41.4493   16.0
41.4743   6.0
41.4993   15.0
41.5243   16.0
41.5493   13.0
41.5743   10.0
41.5993   12.0
41.6243   21.0
41.6493   22.0
41.6743   16.0
41.6993   9.0
41.7243   13.0
41.7493   13.0
41.7743   7.0
41.7993   15.0
41.8243   12.0
41.8493   16.0
41.8743   13.0
41.8993   10.0
41.9243   10.0
41.9493   15.0
41.9743   12.0
41.9993   12.0
42.0243   12.0
42.0493   17.0
42.0743   20.0
42.0993   15.0
42.1243   16.0
42.1493   16.0
42.1743   5.0
42.1993   12.0
42.2243   19.0
42.2493   21.0
42.2743   16.0
42.2993   10.0
42.3243   24.0
42.3493   15.0
42.3743   15.0
42.3993   13.0
42.4243   16.0
42.4493   12.0
42.4743   10.0
42.4993   15.0
42.5243   12.0
42.5493   15.0
42.5743   16.0
42.5993   20.0
42.6243   21.0
42.6493   29.0
42.6743   34.0
42.6993   31.0
42.7243   12.0
42.7493   19.0
42.7743   16.0
42.7993   20.0
42.8243   19.0
42.8493   17.0
42.8743   13.0
42.8993   10.0
42.9243   16.0
42.9493   7.0
42.9743   15.0
42.9993   13.0
43.0243   15.0
43.0493   20.0
43.0743   24.0
43.0993   13.0
43.1243   16.0
43.1493   19.0
43.1743   16.0
43.1993   19.0
43.2243   15.0
43.2493   10.0
43.2743   17.0
43.2993   15.0
43.3243   13.0
43.3493   5.0
43.3743   17.0
43.3993   12.0
43.4243   22.0
43.4493   10.0
43.4743   10.0
43.4993   12.0
43.5243   10.0
43.5493   10.0
43.5743   9.0
43.5993   12.0
43.6243   13.0
43.6493   17.0
43.6743   13.0
43.6993   7.0
43.7243   10.0
43.7493   12.0
43.7743   30.0
43.7993   12.0
43.8243   10.0
43.8493   12.0
43.8743   20.0
43.8993   12.0
43.9243   10.0
43.9493   10.0
43.9743   17.0
43.9993   15.0
44.0243   21.0
44.0493   16.0
44.0743   19.0
44.0993   13.0
44.1243   6.0
44.1493   13.0
44.1743   10.0
44.1993   10.0
44.2243   17.0
44.2493   15.0
44.2743   19.0
44.2993   23.0
44.3243   12.0
44.3493   15.0
44.3743   10.0
44.3993   15.0
44.4243   20.0
44.4493   13.0
44.4743   15.0
44.4993   12.0
44.5243   21.0
44.5493   6.0
44.5743   16.0
44.5993   17.0
44.6243   10.0
44.6493   12.0
44.6743   16.0
44.6993   24.0
44.7243   13.0
44.7493   16.0
44.7743   13.0
44.7993   15.0
44.8243   15.0
44.8493   17.0
44.8743   20.0
44.8993   13.0
44.9243   5.0
44.9493   26.0
44.9743   13.0
44.9993   20.0
45.0243   12.0
45.0493   12.0
45.0743   16.0
45.0993   16.0
45.1243   10.0
45.1493   13.0
45.1743   15.0
45.1993   20.0
45.2243   12.0
45.2493   12.0
45.2743   15.0
45.2993   15.0
45.3243   12.0
45.3493   27.0
45.3743   17.0
45.3993   15.0
45.4243   24.0
45.4493   13.0
45.4743   6.0
45.4993   25.0
45.5243   17.0
45.5493   10.0
45.5743   15.0
45.5993   19.0
45.6243   24.0
45.6493   23.0
45.6743   10.0
45.6993   13.0
45.7243   13.0
45.7493   20.0
45.7743   20.0
45.7993   20.0
45.8243   15.0
45.8493   22.0
45.8743   16.0
45.8993   21.0
45.9243   16.0
45.9493   22.0
45.9743   22.0
45.9993   21.0
46.0243   32.0
46.0493   25.0
46.0743   13.0
46.0993   30.0
46.1243   22.0
46.1493   20.0
46.1743   26.0
46.1993   28.0
46.2243   32.0
46.2493   28.0
46.2743   25.0
46.2993   22.0
46.3243   21.0
46.3493   28.0
46.3743   26.0
46.3993   31.0
46.4243   32.0
46.4493   31.0
46.4743   38.0
46.4993   27.0
46.5243   32.0
46.5493   28.0
46.5743   46.0
46.5993   46.0
46.6243   38.0
46.6493   26.0
46.6743   38.0
46.6993   30.0
46.7243   32.0
46.7493   42.0
46.7743   43.0
46.7993   50.0
46.8243   56.0
46.8493   50.0
46.8743   38.0
46.8993   59.0
46.9243   70.0
46.9493   57.0
46.9743   65.0
46.9993   65.0
47.0243   81.0
47.0493   86.0
47.0743   104.0
47.0993   110.0
47.1243   132.0
47.1493   166.0
47.1743   169.0
47.1993   201.0
47.2243   262.0
47.2493   327.0
47.2743   353.0
47.2993   470.0
47.3243   610.0
47.3493   906.0
47.3743   1406.0
47.3993   2550.0
47.4243   4747.0
47.4493   8968.0
47.4743   13994.0
47.4993   13156.0
47.5243   7921.0
47.5493   4462.0
47.5743   5169.0
47.5993   6988.0
47.6243   6416.0
47.6493   3516.0
47.6743   1428.0
47.6993   676.0
47.7243   412.0
47.7493   338.0
47.7743   285.0
47.7993   210.0
47.8243   176.0
47.8493   161.0
47.8743   139.0
47.8993   104.0
47.9243   96.0
47.9493   96.0
47.9743   64.0
47.9993   57.0
48.0243   70.0
48.0493   65.0
48.0743   53.0
48.0993   54.0
48.1243   46.0
48.1493   59.0
48.1743   44.0
48.1993   40.0
48.2243   46.0
48.2493   32.0
48.2743   39.0
48.2993   43.0
48.3243   36.0
48.3493   46.0
48.3743   38.0
48.3993   36.0
48.4243   38.0
48.4493   36.0
48.4743   24.0
48.4993   24.0
48.5243   21.0
48.5493   29.0
48.5743   27.0
48.5993   30.0
48.6243   16.0
48.6493   27.0
48.6743   34.0
48.6993   12.0
48.7243   28.0
48.7493   22.0
48.7743   28.0
48.7993   20.0
48.8243   22.0
48.8493   15.0
48.8743   26.0
48.8993   19.0
48.9243   21.0
48.9493   31.0
48.9743   22.0
48.9993   15.0
49.0243   16.0
49.0493   20.0
49.0743   22.0
49.0993   21.0
49.1243   17.0
49.1493   28.0
49.1743   12.0
49.1993   24.0
49.2243   17.0
49.2493   10.0
49.2743   22.0
49.2993   15.0
49.3243   21.0
49.3493   12.0
49.3743   17.0
49.3993   12.0
49.4243   20.0
49.4493   12.0
49.4743   17.0
49.4993   25.0
49.5243   25.0
49.5493   9.0
49.5743   13.0
49.5993   12.0
49.6243   10.0
49.6493   24.0
49.6743   16.0
49.6993   10.0
49.7243   17.0
49.7493   12.0
49.7743   13.0
49.7993   12.0
49.8243   15.0
49.8493   12.0
49.8743   12.0
49.8993   15.0
49.9243   15.0
49.9493   15.0
49.9743   12.0
49.9993   13.0
50.0243   15.0
50.0493   13.0
50.0743   15.0
50.0993   12.0
50.1243   16.0
50.1493   10.0
50.1743   7.0
50.1993   12.0
50.2243   16.0
50.2493   16.0
50.2743   13.0
50.2993   17.0
50.3243   22.0
50.3493   19.0
50.3743   12.0
50.3993   25.0
50.4243   20.0
50.4493   16.0
50.4743   25.0
50.4993   32.0
50.5243   31.0
50.5493   19.0
50.5743   20.0
50.5993   20.0
50.6243   4.0
50.6493   12.0
50.6743   26.0
50.6993   19.0
50.7243   17.0
50.7493   16.0
50.7743   13.0
50.7993   10.0
50.8243   15.0
50.8493   7.0
50.8743   17.0
50.8993   16.0
50.9243   13.0
50.9493   12.0
50.9743   15.0
50.9993   12.0
51.0243   19.0
51.0493   16.0
51.0743   10.0
51.0993   13.0
51.1243   21.0
51.1493   16.0
51.1743   10.0
51.1993   12.0
51.2243   12.0
51.2493   19.0
51.2743   16.0
51.2993   12.0
51.3243   16.0
51.3493   10.0
51.3743   17.0
51.3993   15.0
51.4243   10.0
51.4493   9.0
51.4743   12.0
51.4993   10.0
51.5243   16.0
51.5493   13.0
51.5743   10.0
51.5993   19.0
51.6243   10.0
51.6493   10.0
51.6743   19.0
51.6993   16.0
51.7243   10.0
51.7493   15.0
51.7743   13.0
51.7993   16.0
51.8243   19.0
51.8493   19.0
51.8743   15.0
51.8993   10.0
51.9243   12.0
51.9493   25.0
51.9743   10.0
51.9993   21.0
52.0243   10.0
52.0493   7.0
52.0743   13.0
52.0993   10.0
52.1243   15.0
52.1493   12.0
52.1743   15.0
52.1993   19.0
52.2243   22.0
52.2493   5.0
52.2743   9.0
52.2993   12.0
52.3243   10.0
52.3493   16.0
52.3743   17.0
52.3993   21.0
52.4243   13.0
52.4493   22.0
52.4743   19.0
52.4993   19.0
52.5243   19.0
52.5493   19.0
52.5743   10.0
52.5993   20.0
52.6243   15.0
52.6493   13.0
52.6743   13.0
52.6993   12.0
52.7243   17.0
52.7493   19.0
52.7743   21.0
52.7993   19.0
52.8243   21.0
52.8493   17.0
52.8743   16.0
52.8993   19.0
52.9243   16.0
52.9493   19.0
52.9743   16.0
52.9993   13.0
53.0243   7.0
53.0493   20.0
53.0743   22.0
53.0993   17.0
53.1243   16.0
53.1493   12.0
53.1743   12.0
53.1993   22.0
53.2243   16.0
53.2493   19.0
53.2743   23.0
53.2993   13.0
53.3243   16.0
53.3493   12.0
53.3743   12.0
53.3993   12.0
53.4243   19.0
53.4493   10.0
53.4743   13.0
53.4993   22.0
53.5243   13.0
53.5493   19.0
53.5743   15.0
53.5993   16.0
53.6243   20.0
53.6493   15.0
53.6743   6.0
53.6993   12.0
53.7243   10.0
53.7493   15.0
53.7743   16.0
53.7993   16.0
53.8243   13.0
53.8493   16.0
53.8743   17.0
53.8993   16.0
53.9243   22.0
53.9493   17.0
53.9743   17.0
53.9993   20.0
54.0243   16.0
54.0493   13.0
54.0743   13.0
54.0993   20.0
54.1243   20.0
54.1493   21.0
54.1743   17.0
54.1993   25.0
54.2243   17.0
54.2493   16.0
54.2743   16.0
54.2993   17.0
54.3243   16.0
54.3493   16.0
54.3743   16.0
54.3993   20.0
54.4243   12.0
54.4493   12.0
54.4743   21.0
54.4993   16.0
54.5243   22.0
54.5493   17.0
54.5743   16.0
54.5993   12.0
54.6243   23.0
54.6493   25.0
54.6743   24.0
54.6993   23.0
54.7243   20.0
54.7493   15.0
54.7743   23.0
54.7993   24.0
54.8243   21.0
54.8493   22.0
54.8743   21.0
54.8993   29.0
54.9243   26.0
54.9493   20.0
54.9743   13.0
54.9993   24.0
55.0243   28.0
55.0493   22.0
55.0743   16.0
55.0993   26.0
55.1243   22.0
55.1493   19.0
55.1743   27.0
55.1993   24.0
55.2243   32.0
55.2493   29.0
55.2743   27.0
55.2993   26.0
55.3243   31.0
55.3493   26.0
55.3743   30.0
55.3993   33.0
55.4243   32.0
55.4493   16.0
55.4743   29.0
55.4993   22.0
55.5243   36.0
55.5493   29.0
55.5743   39.0
55.5993   31.0
55.6243   43.0
55.6493   53.0
55.6743   38.0
55.6993   49.0
55.7243   38.0
55.7493   46.0
55.7743   40.0
55.7993   49.0
55.8243   50.0
55.8493   47.0
55.8743   57.0
55.8993   82.0
55.9243   75.0
55.9493   110.0
55.9743   121.0
55.9993   136.0
56.0243   156.0
56.0493   184.0
56.0743   249.0
56.0993   243.0
56.1243   292.0
56.1493   299.0
56.1743   357.0
56.1993   561.0
56.2243   942.0
56.2493   1536.0
56.2743   3180.0
56.2993   6256.0
56.3243   11067.0
56.3493   11620.0
56.3743   7656.0
56.3993   3648.0
56.4243   2520.0
56.4493   3249.0
56.4743   5329.0
56.4993   5944.0
56.5243   3757.0
56.5493   1640.0
56.5743   723.0
56.5993   445.0
56.6243   299.0
56.6493   243.0
56.6743   174.0
56.6993   174.0
56.7243   139.0
56.7493   118.0
56.7743   82.0
56.7993   86.0
56.8243   70.0
56.8493   56.0
56.8743   56.0
56.8993   53.0
56.9243   53.0
56.9493   34.0
56.9743   39.0
56.9993   56.0
57.0243   38.0
57.0493   47.0
57.0743   39.0
57.0993   44.0
57.1243   43.0
57.1493   31.0
57.1743   29.0
57.1993   33.0
57.2243   32.0
57.2493   33.0
57.2743   24.0
57.2993   32.0
57.3243   33.0
57.3493   26.0
57.3743   28.0
57.3993   36.0
57.4243   26.0
57.4493   36.0
57.4743   32.0
57.4993   25.0
57.5243   20.0
57.5493   31.0
57.5743   32.0
57.5993   20.0
57.6243   29.0
57.6493   26.0
57.6743   24.0
57.6993   24.0
57.7243   20.0
57.7493   25.0
57.7743   30.0
57.7993   22.0
57.8243   23.0
57.8493   22.0
57.8743   25.0
57.8993   19.0
57.9243   26.0
57.9493   24.0
57.9743   25.0
57.9993   23.0
58.0243   17.0
58.0493   16.0
58.0743   24.0
58.0993   25.0
58.1243   31.0
58.1493   21.0
58.1743   16.0
58.1993   30.0
58.2243   17.0
58.2493   16.0
58.2743   16.0
58.2993   16.0
58.3243   17.0
58.3493   13.0
58.3743   24.0
58.3993   23.0
58.4243   21.0
58.4493   22.0
58.4743   19.0
58.4993   16.0
58.5243   23.0
58.5493   31.0
58.5743   23.0
58.5993   21.0
58.6243   25.0
58.6493   27.0
58.6743   28.0
58.6993   36.0
58.7243   32.0
58.7493   40.0
58.7743   37.0
58.7993   62.0
58.8243   50.0
58.8493   47.0
58.8743   65.0
58.8993   54.0
58.9243   106.0
58.9493   102.0
58.9743   193.0
58.9993   306.0
59.0243   620.0
59.0493   1274.0
59.0743   2052.0
59.0993   2079.0
59.1243   1239.0
59.1493   630.0
59.1743   466.0
59.1993   585.0
59.2243   882.0
59.2493   1011.0
59.2743   800.0
59.2993   445.0
59.3243   179.0
59.3493   106.0
59.3743   77.0
59.3993   59.0
59.4243   47.0
59.4493   46.0
59.4743   33.0
59.4993   43.0
59.5243   38.0
59.5493   27.0
59.5743   26.0
59.5993   24.0
59.6243   30.0
59.6493   20.0
59.6743   21.0
59.6993   19.0
59.7243   20.0
59.7493   20.0
59.7743   20.0
59.7993   20.0
59.8243   16.0
59.8493   10.0
59.8743   16.0
59.8993   16.0
59.9243   16.0
59.9493   16.0
59.9743   12.0
59.9993   12.0
60.0243   15.0
60.0493   16.0
60.0743   13.0
60.0993   10.0
60.1243   13.0
60.1493   15.0
60.1743   16.0
60.1993   10.0
60.2243   20.0
60.2493   12.0
60.2743   12.0
60.2993   10.0
60.3243   17.0
60.3493   13.0
60.3743   4.0
60.3993   10.0
60.4243   12.0
60.4493   13.0
60.4743   10.0
60.4993   10.0
60.5243   16.0
60.5493   10.0
60.5743   5.0
60.5993   10.0
60.6243   12.0
60.6493   16.0
60.6743   16.0
60.6993   2.0
60.7243   12.0
60.7493   9.0
60.7743   13.0
60.7993   12.0
60.8243   13.0
60.8493   20.0
60.8743   13.0
60.8993   12.0
60.9243   21.0
60.9493   12.0
60.9743   10.0
60.9993   5.0
61.0243   7.0
61.0493   17.0
61.0743   9.0
61.0993   16.0
61.1243   10.0
61.1493   9.0
61.1743   10.0
61.1993   9.0
61.2243   12.0
61.2493   6.0
61.2743   10.0
61.2993   16.0
61.3243   10.0
61.3493   15.0
61.3743   21.0
61.3993   12.0
61.4243   10.0
61.4493   16.0
61.4743   16.0
61.4993   16.0
61.5243   9.0
61.5493   9.0
61.5743   10.0
61.5993   20.0
61.6243   15.0
61.6493   10.0
61.6743   10.0
61.6993   12.0
61.7243   10.0
61.7493   9.0
61.7743   10.0
61.7993   10.0
61.8243   10.0
61.8493   12.0
61.8743   15.0
61.8993   12.0
61.9243   16.0
61.9493   19.0
61.9743   12.0
61.9993   9.0
62.0243   6.0
62.0493   12.0
62.0743   6.0
62.0993   13.0
62.1243   10.0
62.1493   6.0
62.1743   16.0
62.1993   12.0
62.2243   10.0
62.2493   15.0
62.2743   10.0
62.2993   12.0
62.3243   4.0
62.3493   7.0
62.3743   12.0
62.3993   12.0
62.4243   9.0
62.4493   16.0
62.4743   9.0
62.4993   15.0
62.5243   13.0
62.5493   15.0
62.5743   9.0
62.5993   12.0
62.6243   4.0
62.6493   10.0
62.6743   12.0
62.6993   7.0
62.7243   9.0
62.7493   4.0
62.7743   12.0
62.7993   12.0
62.8243   10.0
62.8493   5.0
62.8743   17.0
62.8993   13.0
62.9243   13.0
62.9493   16.0
62.9743   13.0
62.9993   7.0
63.0243   12.0
63.0493   15.0
63.0743   9.0
63.0993   15.0
63.1243   12.0
63.1493   9.0
63.1743   10.0
63.1993   5.0
63.2243   9.0
63.2493   12.0
63.2743   16.0
63.2993   12.0
63.3243   7.0
63.3493   7.0
63.3743   10.0
63.3993   7.0
63.4243   7.0
63.4493   10.0
63.4743   10.0
63.4993   9.0
63.5243   12.0
63.5493   7.0
63.5743   15.0
63.5993   13.0
63.6243   10.0
63.6493   4.0
63.6743   10.0
63.6993   12.0
63.7243   9.0
63.7493   5.0
63.7743   12.0
63.7993   10.0
63.8243   7.0
63.8493   13.0
63.8743   2.0
63.8993   12.0
63.9243   12.0
63.9493   10.0
63.9743   12.0
63.9993   9.0
64.0243   7.0
64.0493   12.0
64.0743   5.0
64.0993   6.0
64.1243   7.0
64.1493   10.0
64.1743   12.0
64.1993   12.0
64.2243   13.0
64.2493   6.0
64.2743   7.0
64.2993   12.0
64.3243   9.0
64.3493   10.0
64.3743   6.0
64.3993   12.0
64.4243   12.0
64.4493   6.0
64.4743   5.0
64.4993   10.0
64.5243   9.0
64.5493   9.0
64.5743   13.0
64.5993   10.0
64.6243   10.0
64.6493   9.0
64.6743   15.0
64.6993   12.0
64.7243   10.0
64.7493   6.0
64.7743   9.0
64.7993   21.0
64.8243   7.0
64.8493   4.0
64.8743   17.0
64.8993   6.0
64.9243   15.0
64.9493   7.0
64.9743   7.0
64.9993   10.0
65.0243   7.0
65.0493   6.0
65.0743   12.0
65.0993   4.0
65.1243   10.0
65.1493   6.0
65.1743   9.0
65.1993   12.0
65.2243   9.0
65.2493   1.0
65.2743   6.0
65.2993   10.0
65.3243   5.0
65.3493   6.0
65.3743   4.0
65.3993   13.0
65.4243   10.0
65.4493   16.0
65.4743   7.0
65.4993   6.0
65.5243   10.0
65.5493   10.0
65.5743   10.0
65.5993   5.0
65.6243   10.0
65.6493   5.0
65.6743   10.0
65.6993   10.0
65.7243   5.0
65.7493   6.0
65.7743   5.0
65.7993   12.0
65.8243   13.0
65.8493   10.0
65.8743   10.0
65.8993   4.0
65.9243   12.0
65.9493   12.0
65.9743   10.0
65.9993   7.0
66.0243   16.0
66.0493   6.0
66.0743   9.0
66.0993   7.0
66.1243   10.0
66.1493   6.0
66.1743   10.0
66.1993   6.0
66.2243   7.0
66.2493   10.0
66.2743   7.0
66.2993   7.0
66.3243   2.0
66.3493   10.0
66.3743   10.0
66.3993   7.0
66.4243   10.0
66.4493   10.0
66.4743   7.0
66.4993   7.0
66.5243   10.0
66.5493   12.0
66.5743   16.0
66.5993   12.0
66.6243   10.0
66.6493   13.0
66.6743   12.0
66.6993   4.0
66.7243   9.0
66.7493   9.0
66.7743   12.0
66.7993   9.0
66.8243   6.0
66.8493   7.0
66.8743   12.0
66.8993   10.0
66.9243   9.0
66.9493   12.0
66.9743   13.0
66.9993   9.0
67.0243   12.0
67.0493   13.0
67.0743   13.0
67.0993   9.0
67.1243   17.0
67.1493   10.0
67.1743   9.0
67.1993   12.0
67.2243   10.0
67.2493   7.0
67.2743   10.0
67.2993   9.0
67.3243   10.0
67.3493   10.0
67.3743   10.0
67.3993   4.0
67.4243   13.0
67.4493   10.0
67.4743   12.0
67.4993   15.0
67.5243   20.0
67.5493   6.0
67.5743   15.0
67.5993   9.0
67.6243   13.0
67.6493   5.0
67.6743   12.0
67.6993   12.0
67.7243   10.0
67.7493   10.0
67.7743   10.0
67.7993   10.0
67.8243   16.0
67.8493   9.0
67.8743   16.0
67.8993   10.0
67.9243   12.0
67.9493   12.0
67.9743   16.0
67.9993   15.0
68.0243   7.0
68.0493   5.0
68.0743   17.0
68.0993   9.0
68.1243   17.0
68.1493   21.0
68.1743   17.0
68.1993   16.0
68.2243   13.0
68.2493   16.0
68.2743   12.0
68.2993   12.0
68.3243   15.0
68.3493   15.0
68.3743   12.0
68.3993   12.0
68.4243   25.0
68.4493   12.0
68.4743   21.0
68.4993   13.0
68.5243   13.0
68.5493   16.0
68.5743   22.0
68.5993   21.0
68.6243   16.0
68.6493   19.0
68.6743   16.0
68.6993   9.0
68.7243   15.0
68.7493   13.0
68.7743   13.0
68.7993   10.0
68.8243   13.0
68.8493   10.0
68.8743   13.0
68.8993   23.0
68.9243   20.0
68.9493   23.0
68.9743   26.0
68.9993   27.0
69.0243   38.0
69.0493   33.0
69.0743   46.0
69.0993   37.0
69.1243   43.0
69.1493   43.0
69.1743   50.0
69.1993   43.0
69.2243   72.0
69.2493   79.0
69.2743   125.0
69.2993   134.0
69.3243   416.0
69.3493   605.0
69.3743   1764.0
69.3993   2199.0
69.4243   1672.0
69.4493   1332.0
69.4743   396.0
69.4993   285.0
69.5243   316.0
69.5493   428.0
69.5743   1004.0
69.5993   1102.0
69.6243   784.0
69.6493   519.0
69.6743   171.0
69.6993   134.0
69.7243   82.0
69.7493   54.0
69.7743   49.0
69.7993   47.0
69.8243   46.0
69.8493   26.0
69.8743   24.0
69.8993   28.0
69.9243   16.0
69.9493   24.0
69.9743   25.0
69.9993   21.0
70.0243   24.0
70.0493   16.0
70.0743   21.0
70.0993   23.0
70.1243   15.0
70.1493   23.0
70.1743   24.0
70.1993   10.0
70.2243   21.0
70.2493   15.0
70.2743   16.0
70.2993   16.0
70.3243   16.0
70.3493   16.0
70.3743   13.0
70.3993   12.0
70.4243   10.0
70.4493   10.0
70.4743   13.0
70.4993   21.0
70.5243   13.0
70.5493   12.0
70.5743   10.0
70.5993   12.0
70.6243   12.0
70.6493   15.0
70.6743   12.0
70.6993   12.0
70.7243   9.0
70.7493   7.0
70.7743   10.0
70.7993   13.0
70.8243   12.0
70.8493   10.0
70.8743   19.0
70.8993   15.0
70.9243   12.0
70.9493   10.0
70.9743   15.0
70.9993   16.0
71.0243   10.0
71.0493   10.0
71.0743   6.0
71.0993   16.0
71.1243   15.0
71.1493   13.0
71.1743   12.0
71.1993   12.0
71.2243   15.0
71.2493   12.0
71.2743   12.0
71.2993   12.0
71.3243   16.0
71.3493   12.0
71.3743   12.0
71.3993   5.0
71.4243   7.0
71.4493   12.0
71.4743   5.0
71.4993   6.0
71.5243   10.0
71.5493   6.0
71.5743   7.0
71.5993   16.0
71.6243   4.0
71.6493   15.0
71.6743   10.0
71.6993   12.0
71.7243   10.0
71.7493   12.0
71.7743   10.0
71.7993   13.0
71.8243   16.0
71.8493   16.0
71.8743   10.0
71.8993   10.0
71.9243   12.0
71.9493   15.0
71.9743   7.0
71.9993   9.0
72.0243   12.0
72.0493   9.0
72.0743   17.0
72.0993   10.0
72.1243   12.0
72.1493   10.0
72.1743   10.0
72.1993   13.0
72.2243   5.0
72.2493   12.0
72.2743   7.0
72.2993   13.0
72.3243   9.0
72.3493   7.0
72.3743   13.0
72.3993   12.0
72.4243   10.0
72.4493   10.0
72.4743   9.0
72.4993   13.0
72.5243   10.0
72.5493   9.0
72.5743   9.0
72.5993   15.0
72.6243   6.0
72.6493   10.0
72.6743   10.0
72.6993   13.0
72.7243   9.0
72.7493   15.0
72.7743   12.0
72.7993   10.0
72.8243   16.0
72.8493   13.0
72.8743   12.0
72.8993   10.0
72.9243   12.0
72.9493   7.0
72.9743   9.0
72.9993   16.0
73.0243   10.0
73.0493   9.0
73.0743   10.0
73.0993   12.0
73.1243   13.0
73.1493   10.0
73.1743   9.0
73.1993   12.0
73.2243   15.0
73.2493   12.0
73.2743   10.0
73.2993   13.0
73.3243   9.0
73.3493   9.0
73.3743   12.0
73.3993   6.0
73.4243   12.0
73.4493   17.0
73.4743   12.0
73.4993   9.0
73.5243   10.0
73.5493   10.0
73.5743   10.0
73.5993   16.0
73.6243   16.0
73.6493   10.0
73.6743   15.0
73.6993   5.0
73.7243   12.0
73.7493   9.0
73.7743   12.0
73.7993   12.0
73.8243   10.0
73.8493   16.0
73.8743   12.0
73.8993   10.0
73.9243   6.0
73.9493   16.0
73.9743   12.0
73.9993   10.0
74.0243   10.0
74.0493   16.0
74.0743   20.0
74.0993   12.0
74.1243   6.0
74.1493   15.0
74.1743   12.0
74.1993   13.0
74.2243   12.0
74.2493   12.0
74.2743   10.0
74.2993   17.0
74.3243   12.0
74.3493   10.0
74.3743   13.0
74.3993   6.0
74.4243   9.0
74.4493   12.0
74.4743   16.0
74.4993   7.0
74.5243   12.0
74.5493   12.0
74.5743   10.0
74.5993   10.0
74.6243   10.0
74.6493   10.0
74.6743   13.0
74.6993   10.0
74.7243   19.0
74.7493   10.0
74.7743   4.0
74.7993   13.0
74.8243   27.0
74.8493   15.0
74.8743   21.0
74.8993   17.0
74.9243   25.0
74.9493   15.0
74.9743   16.0
74.9993   13.0
75.0243   12.0
75.0493   16.0
75.0743   15.0
75.0993   16.0
75.1243   19.0
75.1493   16.0
75.1743   17.0
75.1993   17.0
75.2243   13.0
75.2493   23.0
75.2743   16.0
75.2993   9.0
75.3243   13.0
75.3493   25.0
75.3743   16.0
75.3993   23.0
75.4243   16.0
75.4493   15.0
75.4743   21.0
75.4993   30.0
75.5243   15.0
75.5493   25.0
75.5743   25.0
75.5993   24.0
75.6243   16.0
75.6493   12.0
75.6743   16.0
75.6993   19.0
75.7243   16.0
75.7493   23.0
75.7743   21.0
75.7993   26.0
75.8243   17.0
75.8493   15.0
75.8743   29.0
75.8993   22.0
75.9243   17.0
75.9493   25.0
75.9743   34.0
75.9993   30.0
76.0243   25.0
76.0493   23.0
76.0743   23.0
76.0993   30.0
76.1243   26.0
76.1493   38.0
76.1743   49.0
76.1993   46.0
76.2243   51.0
76.2493   70.0
76.2743   84.0
76.2993   67.0
76.3243   94.0
76.3493   70.0
76.3743   73.0
76.3993   65.0
76.4243   86.0
76.4493   88.0
76.4743   100.0
76.4993   153.0
76.5243   204.0
76.5493   302.0
76.5743   497.0
76.5993   852.0
76.6243   1747.0
76.6493   3136.0
76.6743   4277.0
76.6993   3733.0
76.7243   2209.0
76.7493   1095.0
76.7743   655.0
76.7993   492.0
76.8243   576.0
76.8493   858.0
76.8743   1560.0
76.8993   2025.0
76.9243   1789.0
76.9493   1043.0
76.9743   552.0
76.9993   306.0
77.0243   190.0
77.0493   156.0
77.0743   116.0
77.0993   98.0
77.1243   57.0
77.1493   53.0
77.1743   56.0
77.1993   59.0
77.2243   46.0
77.2493   50.0
77.2743   42.0
77.2993   47.0
77.3243   16.0
77.3493   29.0
77.3743   29.0
77.3993   27.0
77.4243   32.0
77.4493   26.0
77.4743   27.0
77.4993   28.0
77.5243   26.0
77.5493   28.0
77.5743   31.0
77.5993   32.0
77.6243   32.0
77.6493   23.0
77.6743   22.0
77.6993   20.0
77.7243   23.0
77.7493   21.0
77.7743   22.0
77.7993   17.0
77.8243   22.0
77.8493   25.0
77.8743   22.0
77.8993   17.0
77.9243   16.0
77.9493   25.0
77.9743   24.0
77.9993   25.0
78.0243   26.0
78.0493   19.0
78.0743   21.0
78.0993   28.0
78.1243   36.0
78.1493   27.0
78.1743   17.0
78.1993   24.0
78.2243   25.0
78.2493   17.0
78.2743   25.0
78.2993   25.0
78.3243   30.0
78.3493   25.0
78.3743   27.0
78.3993   26.0
78.4243   21.0
78.4493   13.0
78.4743   30.0
78.4993   30.0
78.5243   23.0
78.5493   29.0
78.5743   34.0
78.5993   42.0
78.6243   54.0
78.6493   56.0
78.6743   53.0
78.6993   64.0
78.7243   62.0
78.7493   65.0
78.7743   57.0
78.7993   56.0
78.8243   75.0
78.8493   92.0
78.8743   110.0
78.8993   127.0
78.9243   179.0
78.9493   309.0
78.9743   610.0
78.9993   1122.0
79.0243   2190.0
79.0493   2851.0
79.0743   2520.0
79.0993   1451.0
79.1243   739.0
79.1493   372.0
79.1743   309.0
79.1993   353.0
79.2243   556.0
79.2493   876.0
79.2743   1317.0
79.2993   1324.0
79.3243   961.0
79.3493   515.0
79.3743   262.0
79.3993   166.0
79.4243   100.0
79.4493   68.0
79.4743   68.0
79.4993   60.0
79.5243   51.0
79.5493   50.0
79.5743   50.0
79.5993   30.0
79.6243   25.0
79.6493   27.0
79.6743   37.0
79.6993   24.0
79.7243   31.0
79.7493   26.0
79.7743   28.0
79.7993   27.0
79.8243   24.0
79.8493   17.0
79.8743   26.0
79.8993   26.0
79.9243   24.0
79.9493   20.0
79.9743   22.0
79.9993   15.0
80.0243   19.0
80.0493   20.0
80.0743   12.0
80.0993   13.0
80.1243   19.0
80.1493   15.0
80.1743   10.0
80.1993   22.0
80.2243   19.0
80.2493   16.0
80.2743   12.0
80.2993   13.0
80.3243   16.0
80.3493   19.0
80.3743   12.0
80.3993   23.0
80.4243   13.0
80.4493   16.0
80.4743   16.0
80.4993   16.0
80.5243   15.0
80.5493   16.0
80.5743   10.0
80.5993   16.0
80.6243   13.0
80.6493   12.0
80.6743   16.0
80.6993   12.0
80.7243   15.0
80.7493   16.0
80.7743   13.0
80.7993   15.0
80.8243   12.0
80.8493   10.0
80.8743   10.0
80.8993   10.0
80.9243   12.0
80.9493   15.0
80.9743   13.0
80.9993   15.0
81.0243   12.0
81.0493   12.0
81.0743   5.0
81.0993   15.0
81.1243   17.0
81.1493   24.0
81.1743   12.0
81.1993   6.0
81.2243   10.0
81.2493   12.0
81.2743   20.0
81.2993   12.0
81.3243   17.0
81.3493   10.0
81.3743   7.0
81.3993   4.0
81.4243   9.0
81.4493   5.0
81.4743   12.0
81.4993   19.0
81.5243   12.0
81.5493   16.0
81.5743   21.0
81.5993   4.0
81.6243   7.0
81.6493   16.0
81.6743   17.0
81.6993   17.0
81.7243   16.0
81.7493   9.0
81.7743   6.0
81.7993   4.0
81.8243   20.0
81.8493   15.0
81.8743   7.0
81.8993   17.0
81.9243   10.0
81.9493   9.0
81.9743   13.0
81.9993   12.0
82.0243   12.0
82.0493   15.0
82.0743   13.0
82.0993   16.0
82.1243   12.0
82.1493   12.0
82.1743   10.0
82.1993   10.0
82.2243   10.0
82.2493   12.0
82.2743   9.0
82.2993   10.0
82.3243   17.0
82.3493   13.0
82.3743   10.0
82.3993   10.0
82.4243   12.0
82.4493   6.0
82.4743   10.0
82.4993   7.0
82.5243   10.0
82.5493   12.0
82.5743   6.0
82.5993   13.0
82.6243   15.0
82.6493   16.0
82.6743   15.0
82.6993   5.0
82.7243   16.0
82.7493   10.0
82.7743   7.0
82.7993   7.0
82.8243   10.0
82.8493   10.0
82.8743   12.0
82.8993   7.0
82.9243   15.0
82.9493   12.0
82.9743   20.0
82.9993   13.0
83.0243   10.0
83.0493   10.0
83.0743   10.0
83.0993   6.0
83.1243   10.0
83.1493   12.0
83.1743   10.0
83.1993   12.0
83.2243   9.0
83.2493   12.0
83.2743   15.0
83.2993   12.0
83.3243   16.0
83.3493   15.0
83.3743   12.0
83.3993   16.0
83.4243   20.0
83.4493   12.0
83.4743   13.0
83.4993   16.0
83.5243   5.0
83.5493   9.0
83.5743   6.0
83.5993   19.0
83.6243   19.0
83.6493   7.0
83.6743   12.0
83.6993   10.0
83.7243   12.0
83.7493   16.0
83.7743   21.0
83.7993   13.0
83.8243   12.0
83.8493   15.0
83.8743   15.0
83.8993   16.0
83.9243   20.0
83.9493   10.0
83.9743   7.0
83.9993   10.0
84.0243   5.0
84.0493   15.0
84.0743   12.0
84.0993   10.0
84.1243   15.0
84.1493   6.0
84.1743   6.0
84.1993   4.0
84.2243   9.0
84.2493   9.0
84.2743   10.0
84.2993   7.0
84.3243   10.0
84.3493   12.0
84.3743   6.0
84.3993   13.0
84.4243   16.0
84.4493   4.0
84.4743   9.0
84.4993   16.0
84.5243   13.0
84.5493   5.0
84.5743   9.0
84.5993   10.0
84.6243   10.0
84.6493   15.0
84.6743   10.0
84.6993   13.0
84.7243   12.0
84.7493   16.0
84.7743   10.0
84.7993   12.0
84.8243   6.0
84.8493   5.0
84.8743   15.0
84.8993   20.0
84.9243   10.0
84.9493   16.0
84.9743   16.0
84.9993   7.0
85.0243   12.0
85.0493   16.0
85.0743   6.0
85.0993   10.0
85.1243   9.0
85.1493   13.0
85.1743   12.0
85.1993   10.0
85.2243   12.0
85.2493   20.0
85.2743   12.0
85.2993   10.0
85.3243   12.0
85.3493   9.0
85.3743   12.0
85.3993   16.0
85.4243   15.0
85.4493   10.0
85.4743   19.0
85.4993   10.0
85.5243   7.0
85.5493   12.0
85.5743   13.0
85.5993   10.0
85.6243   12.0
85.6493   9.0
85.6743   12.0
85.6993   7.0
85.7243   12.0
85.7493   13.0
85.7743   13.0
85.7993   19.0
85.8243   10.0
85.8493   9.0
85.8743   17.0
85.8993   21.0
85.9243   13.0
85.9493   9.0
85.9743   23.0
85.9993   15.0
86.0243   10.0
86.0493   22.0
86.0743   12.0
86.0993   16.0
86.1243   9.0
86.1493   21.0
86.1743   15.0
86.1993   15.0
86.2243   12.0
86.2493   21.0
86.2743   12.0
86.2993   16.0
86.3243   16.0
86.3493   15.0
86.3743   13.0
86.3993   24.0
86.4243   22.0
86.4493   16.0
86.4743   15.0
86.4993   12.0
86.5243   7.0
86.5493   16.0
86.5743   17.0
86.5993   16.0
86.6243   10.0
86.6493   12.0
86.6743   16.0
86.6993   12.0
86.7243   22.0
86.7493   15.0
86.7743   17.0
86.7993   19.0
86.8243   16.0
86.8493   16.0
86.8743   16.0
86.8993   15.0
86.9243   19.0
86.9493   16.0
86.9743   15.0
86.9993   16.0
87.0243   27.0
87.0493   17.0
87.0743   17.0
87.0993   17.0
87.1243   27.0
87.1493   21.0
87.1743   20.0
87.1993   15.0
87.2243   12.0
87.2493   16.0
87.2743   9.0
87.2993   24.0
87.3243   16.0
87.3493   22.0
87.3743   16.0
87.3993   20.0
87.4243   20.0
87.4493   27.0
87.4743   26.0
87.4993   17.0
87.5243   16.0
87.5493   21.0
87.5743   23.0
87.5993   24.0
87.6243   12.0
87.6493   24.0
87.6743   24.0
87.6993   24.0
87.7243   23.0
87.7493   30.0
87.7743   44.0
87.7993   32.0
87.8243   36.0
87.8493   47.0
87.8743   44.0
87.8993   51.0
87.9243   64.0
87.9493   56.0
87.9743   67.0
87.9993   53.0
88.0243   70.0
88.0493   59.0
88.0743   62.0
88.0993   67.0
88.1243   65.0
88.1493   92.0
88.1743   92.0
88.1993   134.0
88.2243   161.0
88.2493   222.0
88.2743   331.0
88.2993   561.0
88.3243   948.0
88.3493   1747.0
88.3743   2937.0
88.3993   3552.0
88.4243   2992.0
88.4493   1823.0
88.4743   985.0
88.4993   635.0
88.5243   412.0
88.5493   327.0
88.5743   372.0
88.5993   547.0
88.6243   906.0
88.6493   1421.0
88.6743   1730.0
88.6993   1505.0
88.7243   973.0
88.7493   538.0
88.7743   299.0
88.7993   184.0
88.8243   116.0
88.8493   114.0
88.8743   90.0
88.8993   79.0
88.9243   60.0
88.9493   49.0
88.9743   39.0
88.9993   37.0
89.0243   43.0
89.0493   32.0
89.0743   38.0
89.0993   33.0
89.1243   22.0
89.1493   23.0
89.1743   29.0
89.1993   21.0
89.2243   26.0
89.2493   25.0
89.2743   24.0
89.2993   29.0
89.3243   24.0
89.3493   25.0
89.3743   16.0
89.3993   16.0
89.4243   22.0
89.4493   10.0
89.4743   16.0
89.4993   32.0
89.5243   17.0
89.5493   25.0
89.5743   19.0
89.5993   16.0
89.6243   22.0
89.6493   20.0
89.6743   9.0
89.6993   21.0
89.7243   13.0
89.7493   21.0
89.7743   19.0
89.7993   20.0
89.8243   20.0
89.8493   12.0
89.8743   16.0
89.8993   7.0
89.9243   25.0
89.9493   16.0
89.9743   16.0
89.9993   12.0
90.0243   12.0
90.0493   19.0
90.0743   13.0
90.0993   16.0
90.1243   10.0
90.1493   10.0
90.1743   17.0
90.1993   16.0
90.2243   13.0
90.2493   10.0
90.2743   7.0
90.2993   7.0
90.3243   17.0
90.3493   10.0
90.3743   12.0
90.3993   12.0
90.4243   10.0
90.4493   9.0
90.4743   12.0
90.4993   13.0
90.5243   15.0
90.5493   12.0
90.5743   10.0
90.5993   17.0
90.6243   23.0
90.6493   17.0
90.6743   10.0
90.6993   7.0
90.7243   12.0
90.7493   12.0
90.7743   15.0
90.7993   9.0
90.8243   5.0
90.8493   12.0
90.8743   13.0
90.8993   10.0
90.9243   2.0
90.9493   16.0
90.9743   17.0
90.9993   10.0
91.0243   15.0
91.0493   12.0
91.0743   10.0
91.0993   17.0
91.1243   16.0
91.1493   12.0
91.1743   9.0
91.1993   13.0
91.2243   12.0
91.2493   10.0
91.2743   10.0
91.2993   13.0
91.3243   16.0
91.3493   10.0
91.3743   10.0
91.3993   12.0
91.4243   10.0
91.4493   10.0
91.4743   12.0
91.4993   16.0
91.5243   10.0
91.5493   13.0
91.5743   10.0
91.5993   12.0
91.6243   10.0
91.6493   12.0
91.6743   15.0
91.6993   10.0
91.7243   17.0
91.7493   12.0
91.7743   13.0
91.7993   12.0
91.8243   13.0
91.8493   9.0
91.8743   12.0
91.8993   16.0
91.9243   16.0
91.9493   12.0
91.9743   17.0
91.9993   10.0
92.0243   12.0
92.0493   7.0
92.0743   10.0
92.0993   17.0
92.1243   12.0
92.1493   12.0
92.1743   10.0
92.1993   6.0
92.2243   12.0
92.2493   17.0
92.2743   12.0
92.2993   12.0
92.3243   12.0
92.3493   10.0
92.3743   15.0
92.3993   9.0
92.4243   12.0
92.4493   16.0
92.4743   9.0
92.4993   13.0
92.5243   19.0
92.5493   10.0
92.5743   12.0
92.5993   15.0
92.6243   20.0
92.6493   15.0
92.6743   10.0
92.6993   17.0
92.7243   16.0
92.7493   10.0
92.7743   13.0
92.7993   16.0
92.8243   9.0
92.8493   13.0
92.8743   7.0
92.8993   5.0
92.9243   10.0
92.9493   23.0
92.9743   17.0
92.9993   10.0
93.0243   15.0
93.0493   13.0
93.0743   12.0
93.0993   12.0
93.1243   10.0
93.1493   12.0
93.1743   13.0
93.1993   12.0
93.2243   13.0
93.2493   12.0
93.2743   13.0
93.2993   7.0
93.3243   16.0
93.3493   19.0
93.3743   13.0
93.3993   16.0
93.4243   12.0
93.4493   7.0
93.4743   12.0
93.4993   16.0
93.5243   15.0
93.5493   19.0
93.5743   22.0
93.5993   15.0
93.6243   12.0
93.6493   19.0
93.6743   12.0
93.6993   16.0
93.7243   15.0
93.7493   10.0
93.7743   20.0
93.7993   10.0
93.8243   13.0
93.8493   15.0
93.8743   13.0
93.8993   12.0
93.9243   20.0
93.9493   20.0
93.9743   16.0
93.9993   21.0
94.0243   23.0
94.0493   12.0
94.0743   15.0
94.0993   15.0
94.1243   12.0
94.1493   16.0
94.1743   13.0
94.1993   19.0
94.2243   16.0
94.2493   12.0
94.2743   10.0
94.2993   12.0
94.3243   21.0
94.3493   17.0
94.3743   20.0
94.3993   17.0
94.4243   16.0
94.4493   19.0
94.4743   23.0
94.4993   21.0
94.5243   13.0
94.5493   28.0
94.5743   28.0
94.5993   27.0
94.6243   20.0
94.6493   27.0
94.6743   32.0
94.6993   30.0
94.7243   23.0
94.7493   28.0
94.7743   47.0
94.7993   47.0
94.8243   56.0
94.8493   50.0
94.8743   50.0
94.8993   53.0
94.9243   40.0
94.9493   49.0
94.9743   46.0
94.9993   59.0
95.0243   44.0
95.0493   65.0
95.0743   65.0
95.0993   75.0
95.1243   84.0
95.1493   90.0
95.1743   125.0
95.1993   158.0
95.2243   225.0
95.2493   342.0
95.2743   556.0
95.2993   942.0
95.3243   1823.0
95.3493   2872.0
95.3743   3294.0
95.3993   2500.0
95.4243   1436.0
95.4493   858.0
95.4743   501.0
95.4993   302.0
95.5243   289.0
95.5493   249.0
95.5743   309.0
95.5993   416.0
95.6243   707.0
95.6493   1122.0
95.6743   1536.0
95.6993   1398.0
95.7243   1036.0
95.7493   605.0
95.7743   361.0
95.7993   225.0
95.8243   129.0
95.8493   100.0
95.8743   100.0
95.8993   60.0
95.9243   59.0
95.9493   62.0
95.9743   62.0
95.9993   42.0
96.0243   42.0
96.0493   39.0
96.0743   25.0
96.0993   29.0
96.1243   24.0
96.1493   30.0
96.1743   22.0
96.1993   31.0
96.2243   20.0
96.2493   27.0
96.2743   12.0
96.2993   19.0
96.3243   26.0
96.3493   29.0
96.3743   25.0
96.3993   20.0
96.4243   22.0
96.4493   23.0
96.4743   16.0
96.4993   9.0
96.5243   17.0
96.5493   27.0
96.5743   29.0
96.5993   21.0
96.6243   16.0
96.6493   20.0
96.6743   16.0
96.6993   20.0
96.7243   19.0
96.7493   15.0
96.7743   16.0
96.7993   10.0
96.8243   16.0
96.8493   15.0
96.8743   12.0
96.8993   16.0
96.9243   12.0
96.9493   17.0
96.9743   9.0
96.9993   19.0
97.0243   22.0
97.0493   15.0
97.0743   9.0
97.0993   10.0
97.1243   12.0
97.1493   20.0
97.1743   21.0
97.1993   21.0
97.2243   12.0
97.2493   16.0
97.2743   10.0
97.2993   15.0
97.3243   10.0
97.3493   19.0
97.3743   16.0
97.3993   16.0
97.4243   12.0
97.4493   10.0
97.4743   12.0
97.4993   17.0
97.5243   10.0
97.5493   12.0
97.5743   10.0
97.5993   16.0
97.6243   5.0
97.6493   15.0
97.6743   6.0
97.6993   12.0
97.7243   16.0
97.7493   20.0
97.7743   16.0
97.7993   10.0
97.8243   13.0
97.8493   10.0
97.8743   12.0
97.8993   12.0
97.9243   15.0
97.9493   6.0
97.9743   12.0
97.9993   10.0
98.0243   10.0
98.0493   10.0
98.0743   10.0
98.0993   16.0
98.1243   7.0
98.1493   13.0
98.1743   17.0
98.1993   13.0
98.2243   10.0
98.2493   13.0
98.2743   12.0
98.2993   12.0
98.3243   10.0
98.3493   13.0
98.3743   10.0
98.3993   7.0
98.4243   10.0
98.4493   10.0
98.4743   10.0
98.4993   12.0
98.5243   12.0
98.5493   9.0
98.5743   13.0
98.5993   7.0
98.6243   10.0
98.6493   13.0
98.6743   9.0
98.6993   12.0
98.7243   5.0
98.7493   10.0
98.7743   9.0
98.7993   13.0
98.8243   10.0
98.8493   12.0
98.8743   15.0
98.8993   12.0
98.9243   10.0
98.9493   10.0
98.9743   13.0
98.9993   16.0
99.0243   15.0
99.0493   15.0
99.0743   7.0
99.0993   13.0
99.1243   15.0
99.1493   10.0
99.1743   10.0
99.1993   9.0
99.2243   10.0
99.2493   16.0
99.2743   7.0
99.2993   16.0
99.3243   12.0
99.3493   10.0
99.3743   6.0
99.3993   6.0
99.4243   10.0
99.4493   7.0
99.4743   16.0
99.4993   4.0
99.5243   9.0
99.5493   10.0
99.5743   15.0
99.5993   6.0
99.6243   10.0
99.6493   13.0
99.6743   5.0
99.6993   10.0
99.7243   12.0
99.7493   10.0
99.7743   16.0
99.7993   12.0
99.8243   10.0
99.8493   15.0
99.8743   9.0
99.8993   12.0
99.9243   9.0
99.9493   12.0
99.9743   12.0
99.9993   10.0
100.0243   12.0
