# SHAP Beeswarm Plot Raw Data
# Generated: 2025-06-29 01:41:18

# This file contains the raw SHAP values and feature values for each sample and parameter

# Sample_ID,Zero_SHAP,Zero_Value,Lattice a_SHAP,Lattice a_Value,Lattice b_SHAP,Lattice b_Value,Lattice c_SHAP,Lattice c_Value,Biso ba_SHAP,Biso ba_Value,Biso co_SHAP,Biso co_Value,Biso o1_SHAP,Biso o1_Value,Biso o2_SHAP,Biso o2_Value,Biso tb_SHAP,Biso tb_Value,Scale_SHAP,Scale_Value,U_SHAP,U_Value,V_SHAP,V_Value,W_SHAP,W_Value
0,-0.001050,-0.022400,-0.000464,3.756006,-0.000704,5.823898,-0.000150,11.550827,0.000357,0.030440,0.000355,0.030430,0.000354,0.030450,0.000359,0.030470,0.000362,0.030470,-0.000318,0.000434,-0.000894,0.026934,0.000915,-0.027507,-0.000569,0.016706
1,0.000334,-0.014460,0.000771,3.756203,0.001199,5.823800,0.000224,11.551205,-0.000209,0.030460,-0.000213,0.030450,-0.000211,0.030430,-0.000215,0.030440,-0.000212,0.030460,0.001504,0.000434,0.000011,0.026968,-0.000019,-0.027507,-0.000009,0.016702
2,-0.001178,-0.016600,-0.000450,3.756290,-0.000701,5.823556,-0.000141,11.552302,0.000880,0.030440,0.000880,0.030440,0.000879,0.030440,0.000884,0.030430,0.000876,0.030440,-0.000240,0.000433,0.000336,0.026935,-0.000339,-0.027491,0.000206,0.016712
3,-0.000944,-0.020010,0.000892,3.755946,0.001376,5.824286,0.000275,11.552642,-0.000363,0.030440,-0.000367,0.030450,-0.000369,0.030450,-0.000356,0.030450,-0.000377,0.030470,-0.000864,0.000434,-0.000294,0.026964,0.000305,-0.027504,-0.000145,0.016692
4,0.000513,-0.005680,0.000274,3.756130,0.000430,5.823645,0.000097,11.552304,-0.001948,0.030430,-0.001947,0.030440,-0.001947,0.030450,-0.001942,0.030430,-0.001954,0.030440,-0.001117,0.000434,-0.001474,0.026969,0.001508,-0.027493,-0.000897,0.016693
5,-0.001229,-0.021580,0.000402,3.756142,0.000633,5.823290,0.000126,11.551711,0.001469,0.030450,0.001471,0.030450,0.001465,0.030430,0.001482,0.030450,0.001469,0.030470,-0.001444,0.000433,0.000944,0.026967,-0.000959,-0.027492,0.000579,0.016698
6,0.000012,-0.018240,0.000515,3.755759,0.000804,5.823326,0.000159,11.552594,0.000593,0.030450,0.000594,0.030440,0.000595,0.030460,0.000591,0.030460,0.000596,0.030460,-0.000153,0.000433,-0.000176,0.026930,0.000178,-0.027478,-0.000124,0.016687
7,-0.001995,-0.030610,-0.000467,3.755800,-0.000733,5.823538,-0.000142,11.550942,-0.000591,0.030430,-0.000599,0.030460,-0.000601,0.030450,-0.000592,0.030450,-0.000599,0.030460,0.000896,0.000434,0.000176,0.026935,-0.000185,-0.027473,0.000116,0.016693
8,0.000270,-0.013780,0.000870,3.755764,0.001351,5.824079,0.000279,11.552131,-0.000019,0.030460,-0.000011,0.030460,-0.000004,0.030450,-0.000020,0.030470,0.000004,0.030450,-0.002438,0.000433,-0.000048,0.026938,0.000032,-0.027516,-0.000038,0.016686
9,-0.000896,-0.015280,-0.000508,3.756223,-0.000793,5.823481,-0.000154,11.552787,-0.000158,0.030460,-0.000158,0.030440,-0.000157,0.030430,-0.000159,0.030460,-0.000159,0.030440,0.000093,0.000434,-0.000326,0.026950,0.000330,-0.027489,-0.000192,0.016697
10,0.002132,-0.030870,-0.001536,3.755978,-0.002328,5.823586,-0.000477,11.552512,0.000655,0.030450,0.000644,0.030450,0.000638,0.030470,0.000653,0.030460,0.000660,0.030470,0.002042,0.000433,0.000238,0.026952,-0.000237,-0.027502,0.000174,0.016687
11,0.001327,-0.027390,-0.000675,3.756135,-0.001061,5.823391,-0.000203,11.551048,-0.001142,0.030440,-0.001143,0.030440,-0.001142,0.030460,-0.001142,0.030460,-0.001139,0.030440,0.003860,0.000433,0.000323,0.026947,-0.000346,-0.027511,0.000187,0.016696
12,-0.000538,-0.007750,-0.000161,3.756258,-0.000253,5.823396,-0.000050,11.551270,-0.000053,0.030430,-0.000051,0.030450,-0.000050,0.030440,-0.000054,0.030450,-0.000052,0.030430,-0.000192,0.000434,-0.000140,0.026953,0.000147,-0.027507,-0.000105,0.016713
13,0.002113,-0.040790,-0.001136,3.756001,-0.001749,5.823726,-0.000351,11.552699,-0.001263,0.030430,-0.001272,0.030470,-0.001277,0.030450,-0.001262,0.030440,-0.001273,0.030470,0.001185,0.000434,-0.000217,0.026952,0.000224,-0.027516,-0.000063,0.016696
14,0.000844,-0.026210,-0.000406,3.756073,-0.000631,5.823853,-0.000118,11.552357,0.000451,0.030450,0.000455,0.030440,0.000461,0.030470,0.000441,0.030450,0.000452,0.030450,-0.002189,0.000434,-0.000987,0.026943,0.000998,-0.027486,-0.000635,0.016691
15,-0.000569,-0.004940,-0.000078,3.755675,-0.000127,5.823472,-0.000025,11.550793,0.000932,0.030470,0.000930,0.030470,0.000934,0.030430,0.000929,0.030450,0.000931,0.030450,0.000172,0.000434,0.000346,0.026968,-0.000350,-0.027490,0.000199,0.016714
16,-0.001528,-0.022410,0.001106,3.756069,0.001729,5.824070,0.000336,11.552594,0.000324,0.030470,0.000322,0.030460,0.000322,0.030460,0.000326,0.030440,0.000323,0.030460,0.000426,0.000433,0.000002,0.026962,0.000000,-0.027512,-0.000003,0.016692
17,-0.001702,-0.017760,0.000160,3.755857,0.000241,5.824287,0.000051,11.552372,0.000700,0.030450,0.000697,0.030460,0.000704,0.030460,0.000693,0.030450,0.000698,0.030450,-0.000349,0.000433,-0.000047,0.026948,0.000046,-0.027511,-0.000054,0.016689
18,-0.000430,-0.005890,0.000548,3.756313,0.000851,5.823604,0.000171,11.551291,0.000365,0.030440,0.000370,0.030440,0.000368,0.030470,0.000369,0.030450,0.000370,0.030440,0.001846,0.000433,0.000558,0.026953,-0.000573,-0.027518,0.000341,0.016705
19,-0.001452,-0.020150,0.002169,3.756030,0.003356,5.823333,0.000670,11.552863,-0.000301,0.030470,-0.000304,0.030450,-0.000291,0.030470,-0.000312,0.030440,-0.000290,0.030450,-0.002296,0.000434,-0.001272,0.026940,0.001293,-0.027503,-0.000831,0.016719
20,0.000183,-0.034280,0.000729,3.756171,0.001108,5.823613,0.000226,11.550986,-0.001074,0.030440,-0.001076,0.030430,-0.001073,0.030440,-0.001070,0.030440,-0.001079,0.030430,0.001067,0.000434,-0.000047,0.026936,0.000050,-0.027518,-0.000005,0.016718
21,-0.000247,-0.013730,-0.002914,3.756309,-0.004546,5.823543,-0.000878,11.552352,0.000149,0.030450,0.000140,0.030440,0.000150,0.030460,0.000138,0.030470,0.000141,0.030450,-0.001015,0.000433,0.000150,0.026941,-0.000154,-0.027497,0.000102,0.016706
22,0.000302,-0.039550,-0.000208,3.756076,-0.000315,5.824206,-0.000067,11.550791,0.000040,0.030460,0.000039,0.030430,0.000039,0.030430,0.000038,0.030450,0.000042,0.030460,-0.000229,0.000434,-0.000009,0.026921,0.000013,-0.027512,-0.000016,0.016693
23,-0.001105,-0.001520,0.000771,3.755855,0.001192,5.823397,0.000239,11.552375,0.000105,0.030450,0.000104,0.030440,0.000102,0.030450,0.000104,0.030440,0.000099,0.030470,-0.000273,0.000433,0.000252,0.026925,-0.000257,-0.027500,0.000165,0.016694
24,-0.000162,-0.023840,0.000278,3.755661,0.000449,5.823922,0.000085,11.551416,-0.000657,0.030440,-0.000660,0.030440,-0.000662,0.030440,-0.000655,0.030460,-0.000656,0.030440,-0.000035,0.000434,-0.000283,0.026920,0.000287,-0.027481,-0.000133,0.016688
25,0.000160,-0.035750,0.000121,3.756323,0.000207,5.824223,0.000038,11.550951,0.000189,0.030440,0.000188,0.030450,0.000186,0.030430,0.000189,0.030450,0.000192,0.030440,0.000598,0.000434,0.000175,0.026948,-0.000178,-0.027499,0.000112,0.016703
26,-0.000186,-0.020620,0.001177,3.755905,0.001840,5.823331,0.000353,11.551459,0.000548,0.030470,0.000546,0.030470,0.000546,0.030460,0.000548,0.030440,0.000547,0.030460,-0.000056,0.000433,-0.000034,0.026934,0.000039,-0.027467,-0.000035,0.016699
27,0.001620,-0.028570,-0.000078,3.756228,-0.000078,5.824111,-0.000022,11.552602,-0.001435,0.030430,-0.001438,0.030440,-0.001443,0.030440,-0.001434,0.030460,-0.001425,0.030450,-0.000141,0.000434,0.000168,0.026954,-0.000174,-0.027487,0.000135,0.016706
28,0.002228,-0.018860,0.000660,3.756196,0.001059,5.823450,0.000193,11.550948,0.000066,0.030450,0.000058,0.030440,0.000063,0.030440,0.000061,0.030440,0.000067,0.030430,0.000654,0.000434,0.000817,0.026969,-0.000832,-0.027496,0.000538,0.016705
29,0.001604,-0.021970,-0.000227,3.756238,-0.000356,5.823579,-0.000065,11.551799,0.000611,0.030440,0.000611,0.030450,0.000615,0.030430,0.000607,0.030460,0.000617,0.030460,-0.000325,0.000434,0.000233,0.026924,-0.000238,-0.027484,0.000134,0.016693
30,-0.000396,-0.007420,0.000315,3.755646,0.000491,5.823390,0.000106,11.552704,-0.000689,0.030440,-0.000690,0.030470,-0.000685,0.030440,-0.000688,0.030460,-0.000688,0.030460,-0.001417,0.000434,-0.001427,0.026927,0.001458,-0.027513,-0.000882,0.016717
31,0.000097,-0.010280,-0.000434,3.755991,-0.000679,5.823629,-0.000136,11.552070,0.000997,0.030450,0.000996,0.030460,0.000991,0.030450,0.000998,0.030460,0.000989,0.030470,0.000970,0.000434,-0.000595,0.026953,0.000611,-0.027492,-0.000322,0.016690
32,-0.000317,-0.015870,0.001123,3.755737,0.001733,5.824018,0.000350,11.552637,0.000275,0.030460,0.000272,0.030450,0.000271,0.030460,0.000279,0.030470,0.000272,0.030460,-0.000621,0.000434,-0.000085,0.026931,0.000084,-0.027509,-0.000050,0.016719
33,-0.001139,-0.038260,-0.000114,3.756228,-0.000174,5.823661,-0.000033,11.552171,-0.000084,0.030430,-0.000084,0.030470,-0.000081,0.030470,-0.000087,0.030440,-0.000085,0.030440,-0.000021,0.000434,0.000409,0.026924,-0.000416,-0.027520,0.000253,0.016709
34,-0.002561,-0.009820,0.000210,3.756016,0.000319,5.823916,0.000066,11.552902,0.000307,0.030450,0.000310,0.030470,0.000311,0.030460,0.000302,0.030460,0.000310,0.030470,-0.000174,0.000434,0.000287,0.026968,-0.000292,-0.027484,0.000149,0.016701
35,0.001557,-0.001420,0.000509,3.756130,0.000798,5.824358,0.000153,11.551552,0.002230,0.030460,0.002241,0.030430,0.002258,0.030450,0.002222,0.030430,0.002239,0.030450,-0.001829,0.000434,-0.001242,0.026942,0.001273,-0.027509,-0.000758,0.016716
36,-0.000937,-0.029670,0.000388,3.755637,0.000605,5.824298,0.000122,11.551236,-0.000726,0.030460,-0.000717,0.030450,-0.000721,0.030450,-0.000713,0.030460,-0.000724,0.030440,-0.003460,0.000433,-0.000420,0.026920,0.000427,-0.027475,-0.000316,0.016694
37,-0.001544,-0.024100,0.000133,3.756161,0.000199,5.823413,0.000041,11.552239,-0.000101,0.030440,-0.000101,0.030460,-0.000097,0.030460,-0.000104,0.030450,-0.000101,0.030460,-0.000407,0.000434,-0.000020,0.026947,0.000020,-0.027517,-0.000029,0.016702
38,-0.001951,-0.026380,0.000432,3.756012,0.000656,5.824225,0.000128,11.551304,0.000474,0.030450,0.000465,0.030450,0.000468,0.030460,0.000471,0.030470,0.000463,0.030440,-0.000253,0.000434,0.000187,0.026964,-0.000191,-0.027516,0.000138,0.016686
39,0.005977,-0.012320,-0.001206,3.756043,-0.001809,5.824192,-0.000393,11.551726,-0.000573,0.030440,-0.000572,0.030470,-0.000587,0.030470,-0.000557,0.030460,-0.000566,0.030460,0.002359,0.000434,-0.001081,0.026923,0.001101,-0.027484,-0.000661,0.016716
40,0.000934,-0.012150,0.000107,3.755862,0.000173,5.823742,0.000028,11.552742,-0.000763,0.030440,-0.000756,0.030460,-0.000767,0.030440,-0.000752,0.030430,-0.000763,0.030470,0.001555,0.000433,0.001199,0.026931,-0.001230,-0.027512,0.000745,0.016710
41,0.003609,-0.040800,-0.000284,3.755873,-0.000439,5.823484,-0.000085,11.552307,0.000915,0.030470,0.000914,0.030470,0.000911,0.030470,0.000921,0.030460,0.000918,0.030470,0.000065,0.000434,-0.000758,0.026943,0.000774,-0.027496,-0.000424,0.016714
42,-0.003149,-0.021040,-0.000491,3.755863,-0.000765,5.824308,-0.000149,11.550855,-0.000030,0.030460,-0.000039,0.030470,-0.000039,0.030440,-0.000033,0.030440,-0.000029,0.030450,0.001557,0.000433,0.000680,0.026965,-0.000700,-0.027493,0.000436,0.016688
43,0.000277,-0.027440,0.000507,3.756145,0.000773,5.823759,0.000164,11.552087,-0.000058,0.030440,-0.000055,0.030450,-0.000054,0.030440,-0.000055,0.030450,-0.000059,0.030470,-0.001558,0.000433,0.000606,0.026925,-0.000615,-0.027474,0.000391,0.016687
44,0.000143,-0.038080,-0.000060,3.756345,-0.000090,5.823593,-0.000018,11.552190,0.000273,0.030440,0.000272,0.030460,0.000273,0.030440,0.000271,0.030460,0.000274,0.030440,0.000102,0.000434,0.000200,0.026933,-0.000205,-0.027510,0.000120,0.016709
45,-0.001330,-0.016890,-0.001490,3.756270,-0.002360,5.823335,-0.000442,11.551027,-0.000667,0.030460,-0.000660,0.030450,-0.000657,0.030470,-0.000671,0.030460,-0.000669,0.030440,0.000211,0.000433,-0.000640,0.026964,0.000648,-0.027468,-0.000402,0.016707
46,0.002609,-0.037010,-0.000758,3.755811,-0.001163,5.823885,-0.000233,11.551243,-0.001061,0.030440,-0.001054,0.030430,-0.001044,0.030460,-0.001077,0.030450,-0.001045,0.030450,-0.001935,0.000434,-0.000476,0.026931,0.000486,-0.027486,-0.000311,0.016715
47,-0.000653,-0.014760,0.000110,3.756082,0.000170,5.823769,0.000034,11.552383,0.000077,0.030460,0.000079,0.030460,0.000081,0.030460,0.000076,0.030470,0.000076,0.030450,0.000300,0.000433,0.000208,0.026920,-0.000212,-0.027504,0.000110,0.016719
48,0.002774,-0.012210,0.000392,3.756145,0.000604,5.823987,0.000129,11.550858,0.000360,0.030440,0.000348,0.030460,0.000364,0.030440,0.000351,0.030470,0.000360,0.030450,-0.001158,0.000434,-0.001274,0.026928,0.001302,-0.027475,-0.000781,0.016713
49,0.000645,-0.022520,0.002343,3.755879,0.003662,5.824077,0.000716,11.551528,0.000805,0.030450,0.000800,0.030430,0.000801,0.030450,0.000804,0.030460,0.000808,0.030440,0.000550,0.000434,-0.000017,0.026953,0.000017,-0.027490,-0.000016,0.016713
