7.829999999999999716e+01
7.559999999999999432e+01
7.490000000000000568e+01
4.400000000000000000e+01
4.379999999999999716e+01
4.329999999999999716e+01
4.329999999999999716e+01
4.329999999999999716e+01
4.329999999999999716e+01
4.329999999999999716e+01
4.329999999999999716e+01
2.219999999999999929e+01
2.210000000000000142e+01
2.210000000000000142e+01
2.200000000000000000e+01
2.200000000000000000e+01
2.200000000000000000e+01
2.100000000000000000e+01
2.030000000000000071e+01
2.030000000000000071e+01
8.210000000000000853e+00
8.009999999999999787e+00
7.719999999999999751e+00
7.540000000000000036e+00
7.419999999999999929e+00
7.419999999999999929e+00
7.419999999999999929e+00
7.309999999999999609e+00
7.299999999999999822e+00
7.299999999999999822e+00
7.290000000000000036e+00
7.259999999999999787e+00
7.269999999999999574e+00
7.269999999999999574e+00
7.269999999999999574e+00
7.269999999999999574e+00
7.269999999999999574e+00
7.269999999999999574e+00
7.269999999999999574e+00
7.269999999999999574e+00
7.269999999999999574e+00
7.269999999999999574e+00
7.269999999999999574e+00
7.269999999999999574e+00
7.269999999999999574e+00
7.269999999999999574e+00
