        24.97426	       32.00000
        24.99926	       39.00000
        25.02426	       32.00000
        25.04926	       32.00000
        25.07426	       32.00000
        25.09926	       28.00000
        25.12426	       38.00000
        25.14926	       36.00000
        25.17426	       53.00000
        25.19926	       31.00000
        25.22426	       40.00000
        25.24926	       38.00000
        25.27426	       43.00000
        25.29926	       47.00000
        25.32426	       38.00000
        25.34926	       34.00000
        25.37426	       31.00000
        25.39926	       34.00000
        25.42426	       31.00000
        25.44926	       36.00000
        25.47426	       27.00000
        25.49926	       44.00000
        25.52426	       38.00000
        25.54926	       37.00000
        25.57426	       36.00000
        25.59926	       31.00000
        25.62426	       38.00000
        25.64926	       42.00000
        25.67426	       37.00000
        25.69926	       60.00000
        25.72426	       59.00000
        25.74926	       77.00000
        25.77426	       60.00000
        25.79926	       51.00000
        25.82426	       50.00000
        25.84926	       44.00000
        25.87426	       42.00000
        25.89926	       32.00000
        25.92426	       38.00000
        25.94926	       38.00000
        25.97426	       32.00000
        25.99926	       32.00000
        26.02426	       32.00000
        26.04926	       31.00000
        26.07426	       43.00000
        26.09926	       33.00000
        26.12426	       37.00000
        26.14926	       31.00000
        26.17426	       33.00000
        26.19926	       43.00000
        26.22426	       42.00000
        26.24926	       46.00000
        26.27426	       37.00000
        26.29926	       26.00000
        26.32426	       31.00000
        26.34926	       39.00000
        26.37426	       46.00000
        26.39926	       38.00000
        26.42426	       32.00000
        26.44926	       29.00000
        26.47426	       37.00000
        26.49926	       38.00000
        26.52426	       30.00000
        26.54926	       42.00000
        26.57426	       25.00000
        26.59926	       30.00000
        26.62426	       29.00000
        26.64926	       34.00000
        26.67426	       37.00000
        26.69926	       43.00000
        26.72426	       32.00000
        26.74926	       28.00000
        26.77426	       32.00000
        26.79926	       29.00000
        26.82426	       50.00000
        26.84926	       29.00000
        26.87426	       33.00000
        26.89926	       43.00000
        26.92426	       31.00000
        26.94926	       42.00000
        26.97426	       33.00000
        26.99926	       42.00000
        27.02426	       27.00000
        27.04926	       39.00000
        27.07426	       26.00000
        27.09926	       24.00000
        27.12426	       38.00000
        27.14926	       24.00000
        27.17426	       43.00000
        27.19926	       32.00000
        27.22426	       50.00000
        27.24926	       43.00000
        27.27426	       31.00000
        27.29926	       42.00000
        27.32426	       54.00000
        27.34926	       37.00000
        27.37426	       37.00000
        27.39926	       51.00000
        27.42426	       43.00000
        27.44926	       28.00000
        27.47426	       38.00000
        27.49926	       44.00000
        27.52426	       34.00000
        27.54926	       47.00000
        27.57426	       50.00000
        27.59926	       56.00000
        27.62426	       40.00000
        27.64926	       47.00000
        27.67426	       53.00000
        27.69926	       60.00000
        27.72426	       50.00000
        27.74926	       53.00000
        27.77426	       57.00000
        27.79926	       56.00000
        27.82426	       65.00000
        27.84926	       56.00000
        27.87426	       70.00000
        27.89926	       86.00000
        27.92426	       72.00000
        27.94926	       94.00000
        27.97426	       88.00000
        27.99926	       92.00000
        28.02426	      108.00000
        28.04926	      118.00000
        28.07426	      129.00000
        28.09926	      144.00000
        28.12426	      187.00000
        28.14926	      187.00000
        28.17426	      278.00000
        28.19926	      275.00000
        28.22426	      331.00000
        28.24926	      424.00000
        28.27426	      556.00000
        28.29926	      655.00000
        28.32426	      936.00000
        28.34926	     1274.00000
        28.37426	     1866.00000
        28.39926	     2735.00000
        28.42426	     3745.00000
        28.44926	     5610.00000
        28.47426	     8519.00000
        28.49926	    13665.00000
        28.52426	    22530.00000
        28.54926	    28459.00000
        28.57426	    23994.00000
        28.59926	    17397.00000
        28.62426	    13665.00000
        28.64926	     8611.00000
        28.67426	     3540.00000
        28.69926	     1239.00000
        28.72426	      739.00000
        28.74926	      552.00000
        28.77426	      453.00000
        28.79926	      380.00000
        28.82426	      349.00000
        28.84926	      299.00000
        28.87426	      219.00000
        28.89926	      184.00000
        28.92426	      174.00000
        28.94926	      151.00000
        28.97426	      116.00000
        28.99926	      104.00000
        29.02426	      104.00000
        29.04926	       96.00000
        29.07426	       82.00000
        29.09926	       60.00000
        29.12426	       62.00000
        29.14926	       67.00000
        29.17426	       50.00000
        29.19926	       67.00000
        29.22426	       43.00000
        29.24926	       47.00000
        29.27426	       54.00000
        29.29926	       42.00000
        29.32426	       53.00000
        29.34926	       44.00000
        29.37426	       43.00000
        29.39926	       44.00000
        29.42426	       37.00000
        29.44926	       49.00000
        29.47426	       49.00000
        29.49926	       53.00000
        29.52426	       47.00000
        29.54926	       40.00000
        29.57426	       34.00000
        29.59926	       40.00000
        29.62426	       28.00000
        29.64926	       47.00000
        29.67426	       38.00000
        29.69926	       31.00000
        29.72426	       32.00000
        29.74926	       43.00000
        29.77426	       43.00000
        29.79926	       49.00000
        29.82426	       39.00000
        29.84926	       34.00000
        29.87426	       44.00000
        29.89926	       28.00000
        29.92426	       31.00000
        29.94926	       25.00000
        29.97426	       38.00000
        29.99926	       25.00000
        30.02426	       40.00000
        30.04926	       28.00000
        30.07426	       38.00000
        30.09926	       34.00000
        30.12426	       31.00000
        30.14926	       34.00000
        30.17426	       32.00000
        30.19926	       32.00000
        30.22426	       27.00000
        30.24926	       32.00000
        30.27426	       31.00000
        30.29926	       29.00000
        30.32426	       30.00000
        30.34926	       26.00000
        30.37426	       32.00000
        30.39926	       27.00000
        30.42426	       32.00000
        30.44926	       31.00000
        30.47426	       23.00000
        30.49926	       40.00000
        30.52426	       30.00000
        30.54926	       25.00000
        30.57426	       36.00000
        30.59926	       26.00000
        30.62426	       27.00000
        30.64926	       24.00000
        30.67426	       30.00000
        30.69926	       26.00000
        30.72426	       31.00000
        30.74926	       27.00000
        30.77426	       34.00000
        30.79926	       12.00000
        30.82426	       19.00000
        30.84926	       29.00000
        30.87426	       27.00000
        30.89926	       22.00000
        30.92426	       25.00000
        30.94926	       25.00000
        30.97426	       24.00000
        30.99926	       21.00000
        31.02426	       32.00000
        31.04926	       31.00000
        31.07426	       20.00000
        31.09926	       28.00000
        31.12426	       31.00000
        31.14926	       21.00000
        31.17426	       24.00000
        31.19926	       24.00000
        31.22426	       25.00000
        31.24926	       20.00000
        31.27426	       24.00000
        31.29926	       27.00000
        31.32426	       32.00000
        31.34926	       30.00000
        31.37426	       20.00000
        31.39926	       24.00000
        31.42426	       23.00000
        31.44926	       25.00000
        31.47426	       23.00000
        31.49926	       21.00000
        31.52426	       32.00000
        31.54926	       21.00000
        31.57426	       24.00000
        31.59926	       23.00000
        31.62426	       24.00000
        31.64926	       26.00000
        31.67426	       30.00000
        31.69926	       27.00000
        31.72426	       27.00000
        31.74926	       21.00000
        31.77426	       22.00000
        31.79926	       21.00000
        31.82426	       21.00000
        31.84926	       25.00000
        31.87426	       29.00000
        31.89926	       20.00000
        31.92426	       23.00000
        31.94926	       32.00000
        31.97426	       49.00000
        31.99926	       20.00000
        32.02426	       20.00000
        32.04926	       24.00000
        32.07426	       26.00000
        32.09926	       40.00000
        32.12426	       26.00000
        32.14926	       32.00000
        32.17426	       28.00000
        32.19926	       26.00000
        32.22426	       32.00000
        32.24926	       29.00000
        32.27426	       31.00000
        32.29926	       22.00000
        32.32426	       32.00000
        32.34926	       30.00000
        32.37426	       31.00000
        32.39926	       38.00000
        32.42426	       40.00000
        32.44926	       47.00000
        32.47426	       47.00000
        32.49926	       46.00000
        32.52426	       53.00000
        32.54926	       44.00000
        32.57426	       43.00000
        32.59926	       53.00000
        32.62426	       62.00000
        32.64926	       56.00000
        32.67426	       72.00000
        32.69926	       77.00000
        32.72426	       70.00000
        32.74926	       84.00000
        32.77426	      121.00000
        32.79926	      106.00000
        32.82426	      132.00000
        32.84926	      210.00000
        32.87426	      272.00000
        32.89926	      368.00000
        32.92426	      552.00000
        32.94926	      795.00000
        32.97426	     1204.00000
        32.99926	     1840.00000
        33.02426	     3036.00000
        33.04926	     5241.00000
        33.07426	     7726.00000
        33.09926	     7447.00000
        33.12426	     5299.00000
        33.14926	     4186.00000
        33.17426	     3806.00000
        33.19926	     2381.00000
        33.22426	      900.00000
        33.24926	      349.00000
        33.27426	      228.00000
        33.29926	      193.00000
        33.32426	      146.00000
        33.34926	      108.00000
        33.37426	      112.00000
        33.39926	       77.00000
        33.42426	       84.00000
        33.44926	       57.00000
        33.47426	       65.00000
        33.49926	       75.00000
        33.52426	       43.00000
        33.54926	       50.00000
        33.57426	       50.00000
        33.59926	       33.00000
        33.62426	       36.00000
        33.64926	       43.00000
        33.67426	       32.00000
        33.69926	       40.00000
        33.72426	       34.00000
        33.74926	       25.00000
        33.77426	       30.00000
        33.79926	       37.00000
        33.82426	       22.00000
        33.84926	       19.00000
        33.87426	       25.00000
        33.89926	       12.00000
        33.92426	       23.00000
        33.94926	       32.00000
        33.97426	       28.00000
        33.99926	       33.00000
        34.02426	       27.00000
        34.04926	       15.00000
        34.07426	       29.00000
        34.09926	       23.00000
        34.12426	       24.00000
        34.14926	       19.00000
        34.17426	       24.00000
        34.19926	       20.00000
        34.22426	       23.00000
        34.24926	       24.00000
        34.27426	       20.00000
        34.29926	       31.00000
        34.32426	       25.00000
        34.34926	       33.00000
        34.37426	       20.00000
        34.39926	       19.00000
        34.42426	       16.00000
        34.44926	       22.00000
        34.47426	       12.00000
        34.49926	       13.00000
        34.52426	       19.00000
        34.54926	       26.00000
        34.57426	       25.00000
        34.59926	       21.00000
        34.62426	       16.00000
        34.64926	       17.00000
        34.67426	       19.00000
        34.69926	       17.00000
        34.72426	       13.00000
        34.74926	       21.00000
        34.77426	       29.00000
        34.79926	       23.00000
        34.82426	       16.00000
        34.84926	       29.00000
        34.87426	       25.00000
        34.89926	       19.00000
        34.92426	       16.00000
        34.94926	       17.00000
        34.97426	       25.00000
        34.99926	       17.00000
        35.02426	       21.00000
        35.04926	       12.00000
        35.07426	       15.00000
        35.09926	       25.00000
        35.12426	       20.00000
        35.14926	       19.00000
        35.17426	       19.00000
        35.19926	       16.00000
        35.22426	       20.00000
        35.24926	       24.00000
        35.27426	       16.00000
        35.29926	       15.00000
        35.32426	       21.00000
        35.34926	       12.00000
        35.37426	       26.00000
        35.39926	       21.00000
        35.42426	       17.00000
        35.44926	       26.00000
        35.47426	       15.00000
        35.49926	       19.00000
        35.52426	       12.00000
        35.54926	       20.00000
        35.57426	       16.00000
        35.59926	       16.00000
        35.62426	       17.00000
        35.64926	       17.00000
        35.67426	       20.00000
        35.69926	       24.00000
        35.72426	       21.00000
        35.74926	       26.00000
        35.77426	       17.00000
        35.79926	       19.00000
        35.82426	       29.00000
        35.84926	       16.00000
        35.87426	       21.00000
        35.89926	       10.00000
        35.92426	       16.00000
        35.94926	       21.00000
        35.97426	       13.00000
        35.99926	       12.00000
        36.02426	       20.00000
        36.04926	       12.00000
        36.07426	       24.00000
        36.09926	       19.00000
        36.12426	       21.00000
        36.14926	       17.00000
        36.17426	       16.00000
        36.19926	       12.00000
        36.22426	       16.00000
        36.24926	       16.00000
        36.27426	       12.00000
        36.29926	       27.00000
        36.32426	       16.00000
        36.34926	       15.00000
        36.37426	       15.00000
        36.39926	       15.00000
        36.42426	       20.00000
        36.44926	       16.00000
        36.47426	       19.00000
        36.49926	       19.00000
        36.52426	       12.00000
        36.54926	       27.00000
        36.57426	       13.00000
        36.59926	       19.00000
        36.62426	       16.00000
        36.64926	       27.00000
        36.67426	       15.00000
        36.69926	       22.00000
        36.72426	       13.00000
        36.74926	       15.00000
        36.77426	       17.00000
        36.79926	       15.00000
        36.82426	        7.00000
        36.84926	       16.00000
        36.87426	       15.00000
        36.89926	        5.00000
        36.92426	       20.00000
        36.94926	       20.00000
        36.97426	       19.00000
        36.99926	       24.00000
        37.02426	       23.00000
        37.04926	       16.00000
        37.07426	       20.00000
        37.09926	       21.00000
        37.12426	       17.00000
        37.14926	       20.00000
        37.17426	       12.00000
        37.19926	       13.00000
        37.22426	       23.00000
        37.24926	        7.00000
        37.27426	       13.00000
        37.29926	       10.00000
        37.32426	       19.00000
        37.34926	       12.00000
        37.37426	       13.00000
        37.39926	       12.00000
        37.42426	       16.00000
        37.44926	       10.00000
        37.47426	       13.00000
        37.49926	       12.00000
        37.52426	       12.00000
        37.54926	       17.00000
        37.57426	       16.00000
        37.59926	       15.00000
        37.62426	       12.00000
        37.64926	       16.00000
        37.67426	        6.00000
        37.69926	       16.00000
        37.72426	       16.00000
        37.74926	       16.00000
        37.77426	       10.00000
        37.79926	       17.00000
        37.82426	       24.00000
        37.84926	       10.00000
        37.87426	       22.00000
        37.89926	       24.00000
        37.92426	       23.00000
        37.94926	       16.00000
        37.97426	       21.00000
        37.99926	       16.00000
        38.02426	       16.00000
        38.04926	       16.00000
        38.07426	       24.00000
        38.09926	       12.00000
        38.12426	       24.00000
        38.14926	       21.00000
        38.17426	       16.00000
        38.19926	       12.00000
        38.22426	       12.00000
        38.24926	       21.00000
        38.27426	       20.00000
        38.29926	       16.00000
        38.32426	       16.00000
        38.34926	       12.00000
        38.37426	        7.00000
        38.39926	       22.00000
        38.42426	       10.00000
        38.44926	       13.00000
        38.47426	       16.00000
        38.49926	       16.00000
        38.52426	       13.00000
        38.54926	       12.00000
        38.57426	       16.00000
        38.59926	       22.00000
        38.62426	       10.00000
        38.64926	       15.00000
        38.67426	       16.00000
        38.69926	        7.00000
        38.72426	       16.00000
        38.74926	       16.00000
        38.77426	       17.00000
        38.79926	       13.00000
        38.82426	       10.00000
        38.84926	       16.00000
        38.87426	       12.00000
        38.89926	       16.00000
        38.92426	       12.00000
        38.94926	       10.00000
        38.97426	       17.00000
        38.99926	       16.00000
        39.02426	       10.00000
        39.04926	       10.00000
        39.07426	       15.00000
        39.09926	       16.00000
        39.12426	       19.00000
        39.14926	       13.00000
        39.17426	       20.00000
        39.19926	       16.00000
        39.22426	        9.00000
        39.24926	       12.00000
        39.27426	       12.00000
        39.29926	       15.00000
        39.32426	       15.00000
        39.34926	       16.00000
        39.37426	       10.00000
        39.39926	       16.00000
        39.42426	       15.00000
        39.44926	       17.00000
        39.47426	       19.00000
        39.49926	       13.00000
        39.52426	        7.00000
        39.54926	       22.00000
        39.57426	       16.00000
        39.59926	       16.00000
        39.62426	       15.00000
        39.64926	       12.00000
        39.67426	       22.00000
        39.69926	       20.00000
        39.72426	       12.00000
        39.74926	       13.00000
        39.77426	       17.00000
        39.79926	        9.00000
        39.82426	       21.00000
        39.84926	       16.00000
        39.87426	       12.00000
        39.89926	       16.00000
        39.92426	        7.00000
        39.94926	       12.00000
        39.97426	       15.00000
        39.99926	       12.00000
        40.02426	       13.00000
        40.04926	       13.00000
        40.07426	       15.00000
        40.09926	       12.00000
        40.12426	       13.00000
        40.14926	       12.00000
        40.17426	       15.00000
        40.19926	       13.00000
        40.22426	       13.00000
        40.24926	       12.00000
        40.27426	       16.00000
        40.29926	       22.00000
        40.32426	       16.00000
        40.34926	       15.00000
        40.37426	       13.00000
        40.39926	       23.00000
        40.42426	       10.00000
        40.44926	       13.00000
        40.47426	       12.00000
        40.49926	       21.00000
        40.52426	        5.00000
        40.54926	       15.00000
        40.57426	       12.00000
        40.59926	        9.00000
        40.62426	       16.00000
        40.64926	       17.00000
        40.67426	       19.00000
        40.69926	       17.00000
        40.72426	        9.00000
        40.74926	       16.00000
        40.77426	       16.00000
        40.79926	       10.00000
        40.82426	       12.00000
        40.84926	       20.00000
        40.87426	       20.00000
        40.89926	       16.00000
        40.92426	       16.00000
        40.94926	       10.00000
        40.97426	        6.00000
        40.99926	       10.00000
        41.02426	       13.00000
        41.04926	       17.00000
        41.07426	       15.00000
        41.09926	       13.00000
        41.12426	       10.00000
        41.14926	       19.00000
        41.17426	       16.00000
        41.19926	       16.00000
        41.22426	       12.00000
        41.24926	       19.00000
        41.27426	       12.00000
        41.29926	       13.00000
        41.32426	       13.00000
        41.34926	        5.00000
        41.37426	       12.00000
        41.39926	       15.00000
        41.42426	       16.00000
        41.44926	       16.00000
        41.47426	        6.00000
        41.49926	       15.00000
        41.52426	       16.00000
        41.54926	       13.00000
        41.57426	       10.00000
        41.59926	       12.00000
        41.62426	       21.00000
        41.64926	       22.00000
        41.67426	       16.00000
        41.69926	        9.00000
        41.72426	       13.00000
        41.74926	       13.00000
        41.77426	        7.00000
        41.79926	       15.00000
        41.82426	       12.00000
        41.84926	       16.00000
        41.87426	       13.00000
        41.89926	       10.00000
        41.92426	       10.00000
        41.94926	       15.00000
        41.97426	       12.00000
        41.99926	       12.00000
        42.02426	       12.00000
        42.04926	       17.00000
        42.07426	       20.00000
        42.09926	       15.00000
        42.12426	       16.00000
        42.14926	       16.00000
        42.17426	        5.00000
        42.19926	       12.00000
        42.22426	       19.00000
        42.24926	       21.00000
        42.27426	       16.00000
        42.29926	       10.00000
        42.32426	       24.00000
        42.34926	       15.00000
        42.37426	       15.00000
        42.39926	       13.00000
        42.42426	       16.00000
        42.44926	       12.00000
        42.47426	       10.00000
        42.49926	       15.00000
        42.52426	       12.00000
        42.54926	       15.00000
        42.57426	       16.00000
        42.59926	       20.00000
        42.62426	       21.00000
        42.64926	       29.00000
        42.67426	       34.00000
        42.69926	       31.00000
        42.72426	       12.00000
        42.74926	       19.00000
        42.77426	       16.00000
        42.79926	       20.00000
        42.82426	       19.00000
        42.84926	       17.00000
        42.87426	       13.00000
        42.89926	       10.00000
        42.92426	       16.00000
        42.94926	        7.00000
        42.97426	       15.00000
        42.99926	       13.00000
        43.02426	       15.00000
        43.04926	       20.00000
        43.07426	       24.00000
        43.09926	       13.00000
        43.12426	       16.00000
        43.14926	       19.00000
        43.17426	       16.00000
        43.19926	       19.00000
        43.22426	       15.00000
        43.24926	       10.00000
        43.27426	       17.00000
        43.29926	       15.00000
        43.32426	       13.00000
        43.34926	        5.00000
        43.37426	       17.00000
        43.39926	       12.00000
        43.42426	       22.00000
        43.44926	       10.00000
        43.47426	       10.00000
        43.49926	       12.00000
        43.52426	       10.00000
        43.54926	       10.00000
        43.57426	        9.00000
        43.59926	       12.00000
        43.62426	       13.00000
        43.64926	       17.00000
        43.67426	       13.00000
        43.69926	        7.00000
        43.72426	       10.00000
        43.74926	       12.00000
        43.77426	       30.00000
        43.79926	       12.00000
        43.82426	       10.00000
        43.84926	       12.00000
        43.87426	       20.00000
        43.89926	       12.00000
        43.92426	       10.00000
        43.94926	       10.00000
        43.97426	       17.00000
        43.99926	       15.00000
        44.02426	       21.00000
        44.04926	       16.00000
        44.07426	       19.00000
        44.09926	       13.00000
        44.12426	        6.00000
        44.14926	       13.00000
        44.17426	       10.00000
        44.19926	       10.00000
        44.22426	       17.00000
        44.24926	       15.00000
        44.27426	       19.00000
        44.29926	       23.00000
        44.32426	       12.00000
        44.34926	       15.00000
        44.37426	       10.00000
        44.39926	       15.00000
        44.42426	       20.00000
        44.44926	       13.00000
        44.47426	       15.00000
        44.49926	       12.00000
        44.52426	       21.00000
        44.54926	        6.00000
        44.57426	       16.00000
        44.59926	       17.00000
        44.62426	       10.00000
        44.64926	       12.00000
        44.67426	       16.00000
        44.69926	       24.00000
        44.72426	       13.00000
        44.74926	       16.00000
        44.77426	       13.00000
        44.79926	       15.00000
        44.82426	       15.00000
        44.84926	       17.00000
        44.87426	       20.00000
        44.89926	       13.00000
        44.92426	        5.00000
        44.94926	       26.00000
        44.97426	       13.00000
        44.99926	       20.00000
        45.02426	       12.00000
        45.04926	       12.00000
        45.07426	       16.00000
        45.09926	       16.00000
        45.12426	       10.00000
        45.14926	       13.00000
        45.17426	       15.00000
        45.19926	       20.00000
        45.22426	       12.00000
        45.24926	       12.00000
        45.27426	       15.00000
        45.29926	       15.00000
        45.32426	       12.00000
        45.34926	       27.00000
        45.37426	       17.00000
        45.39926	       15.00000
        45.42426	       24.00000
        45.44926	       13.00000
        45.47426	        6.00000
        45.49926	       25.00000
        45.52426	       17.00000
        45.54926	       10.00000
        45.57426	       15.00000
        45.59926	       19.00000
        45.62426	       24.00000
        45.64926	       23.00000
        45.67426	       10.00000
        45.69926	       13.00000
        45.72426	       13.00000
        45.74926	       20.00000
        45.77426	       20.00000
        45.79926	       20.00000
        45.82426	       15.00000
        45.84926	       22.00000
        45.87426	       16.00000
        45.89926	       21.00000
        45.92426	       16.00000
        45.94926	       22.00000
        45.97426	       22.00000
        45.99926	       21.00000
        46.02426	       32.00000
        46.04926	       25.00000
        46.07426	       13.00000
        46.09926	       30.00000
        46.12426	       22.00000
        46.14926	       20.00000
        46.17426	       26.00000
        46.19926	       28.00000
        46.22426	       32.00000
        46.24926	       28.00000
        46.27426	       25.00000
        46.29926	       22.00000
        46.32426	       21.00000
        46.34926	       28.00000
        46.37426	       26.00000
        46.39926	       31.00000
        46.42426	       32.00000
        46.44926	       31.00000
        46.47426	       38.00000
        46.49926	       27.00000
        46.52426	       32.00000
        46.54926	       28.00000
        46.57426	       46.00000
        46.59926	       46.00000
        46.62426	       38.00000
        46.64926	       26.00000
        46.67426	       38.00000
        46.69926	       30.00000
        46.72426	       32.00000
        46.74926	       42.00000
        46.77426	       43.00000
        46.79926	       50.00000
        46.82426	       56.00000
        46.84926	       50.00000
        46.87426	       38.00000
        46.89926	       59.00000
        46.92426	       70.00000
        46.94926	       57.00000
        46.97426	       65.00000
        46.99926	       65.00000
        47.02426	       81.00000
        47.04926	       86.00000
        47.07426	      104.00000
        47.09926	      110.00000
        47.12426	      132.00000
        47.14926	      166.00000
        47.17426	      169.00000
        47.19926	      201.00000
        47.22426	      262.00000
        47.24926	      327.00000
        47.27426	      353.00000
        47.29926	      470.00000
        47.32426	      610.00000
        47.34926	      906.00000
        47.37426	     1406.00000
        47.39926	     2550.00000
        47.42426	     4747.00000
        47.44926	     8968.00000
        47.47426	    13994.00000
        47.49926	    13156.00000
        47.52426	     7921.00000
        47.54926	     4462.00000
        47.57426	     5169.00000
        47.59926	     6988.00000
        47.62426	     6416.00000
        47.64926	     3516.00000
        47.67426	     1428.00000
        47.69926	      676.00000
        47.72426	      412.00000
        47.74926	      338.00000
        47.77426	      285.00000
        47.79926	      210.00000
        47.82426	      176.00000
        47.84926	      161.00000
        47.87426	      139.00000
        47.89926	      104.00000
        47.92426	       96.00000
        47.94926	       96.00000
        47.97426	       64.00000
        47.99926	       57.00000
        48.02426	       70.00000
        48.04926	       65.00000
        48.07426	       53.00000
        48.09926	       54.00000
        48.12426	       46.00000
        48.14926	       59.00000
        48.17426	       44.00000
        48.19926	       40.00000
        48.22426	       46.00000
        48.24926	       32.00000
        48.27426	       39.00000
        48.29926	       43.00000
        48.32426	       36.00000
        48.34926	       46.00000
        48.37426	       38.00000
        48.39926	       36.00000
        48.42426	       38.00000
        48.44926	       36.00000
        48.47426	       24.00000
        48.49926	       24.00000
        48.52426	       21.00000
        48.54926	       29.00000
        48.57426	       27.00000
        48.59926	       30.00000
        48.62426	       16.00000
        48.64926	       27.00000
        48.67426	       34.00000
        48.69926	       12.00000
        48.72426	       28.00000
        48.74926	       22.00000
        48.77426	       28.00000
        48.79926	       20.00000
        48.82426	       22.00000
        48.84926	       15.00000
        48.87426	       26.00000
        48.89926	       19.00000
        48.92426	       21.00000
        48.94926	       31.00000
        48.97426	       22.00000
        48.99926	       15.00000
        49.02426	       16.00000
        49.04926	       20.00000
        49.07426	       22.00000
        49.09926	       21.00000
        49.12426	       17.00000
        49.14926	       28.00000
        49.17426	       12.00000
        49.19926	       24.00000
        49.22426	       17.00000
        49.24926	       10.00000
        49.27426	       22.00000
        49.29926	       15.00000
        49.32426	       21.00000
        49.34926	       12.00000
        49.37426	       17.00000
        49.39926	       12.00000
        49.42426	       20.00000
        49.44926	       12.00000
        49.47426	       17.00000
        49.49926	       25.00000
        49.52426	       25.00000
        49.54926	        9.00000
        49.57426	       13.00000
        49.59926	       12.00000
        49.62426	       10.00000
        49.64926	       24.00000
        49.67426	       16.00000
        49.69926	       10.00000
        49.72426	       17.00000
        49.74926	       12.00000
        49.77426	       13.00000
        49.79926	       12.00000
        49.82426	       15.00000
        49.84926	       12.00000
        49.87426	       12.00000
        49.89926	       15.00000
        49.92426	       15.00000
        49.94926	       15.00000
        49.97426	       12.00000
        49.99926	       13.00000
        50.02426	       15.00000
        50.04926	       13.00000
        50.07426	       15.00000
        50.09926	       12.00000
        50.12426	       16.00000
        50.14926	       10.00000
        50.17426	        7.00000
        50.19926	       12.00000
        50.22426	       16.00000
        50.24926	       16.00000
        50.27426	       13.00000
        50.29926	       17.00000
        50.32426	       22.00000
        50.34926	       19.00000
        50.37426	       12.00000
        50.39926	       25.00000
        50.42426	       20.00000
        50.44926	       16.00000
        50.47426	       25.00000
        50.49926	       32.00000
        50.52426	       31.00000
        50.54926	       19.00000
        50.57426	       20.00000
        50.59926	       20.00000
        50.62426	        4.00000
        50.64926	       12.00000
        50.67426	       26.00000
        50.69926	       19.00000
        50.72426	       17.00000
        50.74926	       16.00000
        50.77426	       13.00000
        50.79926	       10.00000
        50.82426	       15.00000
        50.84926	        7.00000
        50.87426	       17.00000
        50.89926	       16.00000
        50.92426	       13.00000
        50.94926	       12.00000
        50.97426	       15.00000
        50.99926	       12.00000
        51.02426	       19.00000
        51.04926	       16.00000
        51.07426	       10.00000
        51.09926	       13.00000
        51.12426	       21.00000
        51.14926	       16.00000
        51.17426	       10.00000
        51.19926	       12.00000
        51.22426	       12.00000
        51.24926	       19.00000
        51.27426	       16.00000
        51.29926	       12.00000
        51.32426	       16.00000
        51.34926	       10.00000
        51.37426	       17.00000
        51.39926	       15.00000
        51.42426	       10.00000
        51.44926	        9.00000
        51.47426	       12.00000
        51.49926	       10.00000
        51.52426	       16.00000
        51.54926	       13.00000
        51.57426	       10.00000
        51.59926	       19.00000
        51.62426	       10.00000
        51.64926	       10.00000
        51.67426	       19.00000
        51.69926	       16.00000
        51.72426	       10.00000
        51.74926	       15.00000
        51.77426	       13.00000
        51.79926	       16.00000
        51.82426	       19.00000
        51.84926	       19.00000
        51.87426	       15.00000
        51.89926	       10.00000
        51.92426	       12.00000
        51.94926	       25.00000
        51.97426	       10.00000
        51.99926	       21.00000
        52.02426	       10.00000
        52.04926	        7.00000
        52.07426	       13.00000
        52.09926	       10.00000
        52.12426	       15.00000
        52.14926	       12.00000
        52.17426	       15.00000
        52.19926	       19.00000
        52.22426	       22.00000
        52.24926	        5.00000
        52.27426	        9.00000
        52.29926	       12.00000
        52.32426	       10.00000
        52.34926	       16.00000
        52.37426	       17.00000
        52.39926	       21.00000
        52.42426	       13.00000
        52.44926	       22.00000
        52.47426	       19.00000
        52.49926	       19.00000
        52.52426	       19.00000
        52.54926	       19.00000
        52.57426	       10.00000
        52.59926	       20.00000
        52.62426	       15.00000
        52.64926	       13.00000
        52.67426	       13.00000
        52.69926	       12.00000
        52.72426	       17.00000
        52.74926	       19.00000
        52.77426	       21.00000
        52.79926	       19.00000
        52.82426	       21.00000
        52.84926	       17.00000
        52.87426	       16.00000
        52.89926	       19.00000
        52.92426	       16.00000
        52.94926	       19.00000
        52.97426	       16.00000
        52.99926	       13.00000
        53.02426	        7.00000
        53.04926	       20.00000
        53.07426	       22.00000
        53.09926	       17.00000
        53.12426	       16.00000
        53.14926	       12.00000
        53.17426	       12.00000
        53.19926	       22.00000
        53.22426	       16.00000
        53.24926	       19.00000
        53.27426	       23.00000
        53.29926	       13.00000
        53.32426	       16.00000
        53.34926	       12.00000
        53.37426	       12.00000
        53.39926	       12.00000
        53.42426	       19.00000
        53.44926	       10.00000
        53.47426	       13.00000
        53.49926	       22.00000
        53.52426	       13.00000
        53.54926	       19.00000
        53.57426	       15.00000
        53.59926	       16.00000
        53.62426	       20.00000
        53.64926	       15.00000
        53.67426	        6.00000
        53.69926	       12.00000
        53.72426	       10.00000
        53.74926	       15.00000
        53.77426	       16.00000
        53.79926	       16.00000
        53.82426	       13.00000
        53.84926	       16.00000
        53.87426	       17.00000
        53.89926	       16.00000
        53.92426	       22.00000
        53.94926	       17.00000
        53.97426	       17.00000
        53.99926	       20.00000
        54.02426	       16.00000
        54.04926	       13.00000
        54.07426	       13.00000
        54.09926	       20.00000
        54.12426	       20.00000
        54.14926	       21.00000
        54.17426	       17.00000
        54.19926	       25.00000
        54.22426	       17.00000
        54.24926	       16.00000
        54.27426	       16.00000
        54.29926	       17.00000
        54.32426	       16.00000
        54.34926	       16.00000
        54.37426	       16.00000
        54.39926	       20.00000
        54.42426	       12.00000
        54.44926	       12.00000
        54.47426	       21.00000
        54.49926	       16.00000
        54.52426	       22.00000
        54.54926	       17.00000
        54.57426	       16.00000
        54.59926	       12.00000
        54.62426	       23.00000
        54.64926	       25.00000
        54.67426	       24.00000
        54.69926	       23.00000
        54.72426	       20.00000
        54.74926	       15.00000
        54.77426	       23.00000
        54.79926	       24.00000
        54.82426	       21.00000
        54.84926	       22.00000
        54.87426	       21.00000
        54.89926	       29.00000
        54.92426	       26.00000
        54.94926	       20.00000
        54.97426	       13.00000
        54.99926	       24.00000
        55.02426	       28.00000
        55.04926	       22.00000
        55.07426	       16.00000
        55.09926	       26.00000
        55.12426	       22.00000
        55.14926	       19.00000
        55.17426	       27.00000
        55.19926	       24.00000
        55.22426	       32.00000
        55.24926	       29.00000
        55.27426	       27.00000
        55.29926	       26.00000
        55.32426	       31.00000
        55.34926	       26.00000
        55.37426	       30.00000
        55.39926	       33.00000
        55.42426	       32.00000
        55.44926	       16.00000
        55.47426	       29.00000
        55.49926	       22.00000
        55.52426	       36.00000
        55.54926	       29.00000
        55.57426	       39.00000
        55.59926	       31.00000
        55.62426	       43.00000
        55.64926	       53.00000
        55.67426	       38.00000
        55.69926	       49.00000
        55.72426	       38.00000
        55.74926	       46.00000
        55.77426	       40.00000
        55.79926	       49.00000
        55.82426	       50.00000
        55.84926	       47.00000
        55.87426	       57.00000
        55.89926	       82.00000
        55.92426	       75.00000
        55.94926	      110.00000
        55.97426	      121.00000
        55.99926	      136.00000
        56.02426	      156.00000
        56.04926	      184.00000
        56.07426	      249.00000
        56.09926	      243.00000
        56.12426	      292.00000
        56.14926	      299.00000
        56.17426	      357.00000
        56.19926	      561.00000
        56.22426	      942.00000
        56.24926	     1536.00000
        56.27426	     3180.00000
        56.29926	     6256.00000
        56.32426	    11067.00000
        56.34926	    11620.00000
        56.37426	     7656.00000
        56.39926	     3648.00000
        56.42426	     2520.00000
        56.44926	     3249.00000
        56.47426	     5329.00000
        56.49926	     5944.00000
        56.52426	     3757.00000
        56.54926	     1640.00000
        56.57426	      723.00000
        56.59926	      445.00000
        56.62426	      299.00000
        56.64926	      243.00000
        56.67426	      174.00000
        56.69926	      174.00000
        56.72426	      139.00000
        56.74926	      118.00000
        56.77426	       82.00000
        56.79926	       86.00000
        56.82426	       70.00000
        56.84926	       56.00000
        56.87426	       56.00000
        56.89926	       53.00000
        56.92426	       53.00000
        56.94926	       34.00000
        56.97426	       39.00000
        56.99926	       56.00000
        57.02426	       38.00000
        57.04926	       47.00000
        57.07426	       39.00000
        57.09926	       44.00000
        57.12426	       43.00000
        57.14926	       31.00000
        57.17426	       29.00000
        57.19926	       33.00000
        57.22426	       32.00000
        57.24926	       33.00000
        57.27426	       24.00000
        57.29926	       32.00000
        57.32426	       33.00000
        57.34926	       26.00000
        57.37426	       28.00000
        57.39926	       36.00000
        57.42426	       26.00000
        57.44926	       36.00000
        57.47426	       32.00000
        57.49926	       25.00000
        57.52426	       20.00000
        57.54926	       31.00000
        57.57426	       32.00000
        57.59926	       20.00000
        57.62426	       29.00000
        57.64926	       26.00000
        57.67426	       24.00000
        57.69926	       24.00000
        57.72426	       20.00000
        57.74926	       25.00000
        57.77426	       30.00000
        57.79926	       22.00000
        57.82426	       23.00000
        57.84926	       22.00000
        57.87426	       25.00000
        57.89926	       19.00000
        57.92426	       26.00000
        57.94926	       24.00000
        57.97426	       25.00000
        57.99926	       23.00000
        58.02426	       17.00000
        58.04926	       16.00000
        58.07426	       24.00000
        58.09926	       25.00000
        58.12426	       31.00000
        58.14926	       21.00000
        58.17426	       16.00000
        58.19926	       30.00000
        58.22426	       17.00000
        58.24926	       16.00000
        58.27426	       16.00000
        58.29926	       16.00000
        58.32426	       17.00000
        58.34926	       13.00000
        58.37426	       24.00000
        58.39926	       23.00000
        58.42426	       21.00000
        58.44926	       22.00000
        58.47426	       19.00000
        58.49926	       16.00000
        58.52426	       23.00000
        58.54926	       31.00000
        58.57426	       23.00000
        58.59926	       21.00000
        58.62426	       25.00000
        58.64926	       27.00000
        58.67426	       28.00000
        58.69926	       36.00000
        58.72426	       32.00000
        58.74926	       40.00000
        58.77426	       37.00000
        58.79926	       62.00000
        58.82426	       50.00000
        58.84926	       47.00000
        58.87426	       65.00000
        58.89926	       54.00000
        58.92426	      106.00000
        58.94926	      102.00000
        58.97426	      193.00000
        58.99926	      306.00000
        59.02426	      620.00000
        59.04926	     1274.00000
        59.07426	     2052.00000
        59.09926	     2079.00000
        59.12426	     1239.00000
        59.14926	      630.00000
        59.17426	      466.00000
        59.19926	      585.00000
        59.22426	      882.00000
        59.24926	     1011.00000
        59.27426	      800.00000
        59.29926	      445.00000
        59.32426	      179.00000
        59.34926	      106.00000
        59.37426	       77.00000
        59.39926	       59.00000
        59.42426	       47.00000
        59.44926	       46.00000
        59.47426	       33.00000
        59.49926	       43.00000
        59.52426	       38.00000
        59.54926	       27.00000
        59.57426	       26.00000
        59.59926	       24.00000
        59.62426	       30.00000
        59.64926	       20.00000
        59.67426	       21.00000
        59.69926	       19.00000
        59.72426	       20.00000
        59.74926	       20.00000
        59.77426	       20.00000
        59.79926	       20.00000
        59.82426	       16.00000
        59.84926	       10.00000
        59.87426	       16.00000
        59.89926	       16.00000
        59.92426	       16.00000
        59.94926	       16.00000
        59.97426	       12.00000
        59.99926	       12.00000
        60.02426	       15.00000
        60.04926	       16.00000
        60.07426	       13.00000
        60.09926	       10.00000
        60.12426	       13.00000
        60.14926	       15.00000
        60.17426	       16.00000
        60.19926	       10.00000
        60.22426	       20.00000
        60.24926	       12.00000
        60.27426	       12.00000
        60.29926	       10.00000
        60.32426	       17.00000
        60.34926	       13.00000
        60.37426	        4.00000
        60.39926	       10.00000
        60.42426	       12.00000
        60.44926	       13.00000
        60.47426	       10.00000
        60.49926	       10.00000
        60.52426	       16.00000
        60.54926	       10.00000
        60.57426	        5.00000
        60.59926	       10.00000
        60.62426	       12.00000
        60.64926	       16.00000
        60.67426	       16.00000
        60.69926	        2.00000
        60.72426	       12.00000
        60.74926	        9.00000
        60.77426	       13.00000
        60.79926	       12.00000
        60.82426	       13.00000
        60.84926	       20.00000
        60.87426	       13.00000
        60.89926	       12.00000
        60.92426	       21.00000
        60.94926	       12.00000
        60.97426	       10.00000
        60.99926	        5.00000
        61.02426	        7.00000
        61.04926	       17.00000
        61.07426	        9.00000
        61.09926	       16.00000
        61.12426	       10.00000
        61.14926	        9.00000
        61.17426	       10.00000
        61.19926	        9.00000
        61.22426	       12.00000
        61.24926	        6.00000
        61.27426	       10.00000
        61.29926	       16.00000
        61.32426	       10.00000
        61.34926	       15.00000
        61.37426	       21.00000
        61.39926	       12.00000
        61.42426	       10.00000
        61.44926	       16.00000
        61.47426	       16.00000
        61.49926	       16.00000
        61.52426	        9.00000
        61.54926	        9.00000
        61.57426	       10.00000
        61.59926	       20.00000
        61.62426	       15.00000
        61.64926	       10.00000
        61.67426	       10.00000
        61.69926	       12.00000
        61.72426	       10.00000
        61.74926	        9.00000
        61.77426	       10.00000
        61.79926	       10.00000
        61.82426	       10.00000
        61.84926	       12.00000
        61.87426	       15.00000
        61.89926	       12.00000
        61.92426	       16.00000
        61.94926	       19.00000
        61.97426	       12.00000
        61.99926	        9.00000
        62.02426	        6.00000
        62.04926	       12.00000
        62.07426	        6.00000
        62.09926	       13.00000
        62.12426	       10.00000
        62.14926	        6.00000
        62.17426	       16.00000
        62.19926	       12.00000
        62.22426	       10.00000
        62.24926	       15.00000
        62.27426	       10.00000
        62.29926	       12.00000
        62.32426	        4.00000
        62.34926	        7.00000
        62.37426	       12.00000
        62.39926	       12.00000
        62.42426	        9.00000
        62.44926	       16.00000
        62.47426	        9.00000
        62.49926	       15.00000
        62.52426	       13.00000
        62.54926	       15.00000
        62.57426	        9.00000
        62.59926	       12.00000
        62.62426	        4.00000
        62.64926	       10.00000
        62.67426	       12.00000
        62.69926	        7.00000
        62.72426	        9.00000
        62.74926	        4.00000
        62.77426	       12.00000
        62.79926	       12.00000
        62.82426	       10.00000
        62.84926	        5.00000
        62.87426	       17.00000
        62.89926	       13.00000
        62.92426	       13.00000
        62.94926	       16.00000
        62.97426	       13.00000
        62.99926	        7.00000
        63.02426	       12.00000
        63.04926	       15.00000
        63.07426	        9.00000
        63.09926	       15.00000
        63.12426	       12.00000
        63.14926	        9.00000
        63.17426	       10.00000
        63.19926	        5.00000
        63.22426	        9.00000
        63.24926	       12.00000
        63.27426	       16.00000
        63.29926	       12.00000
        63.32426	        7.00000
        63.34926	        7.00000
        63.37426	       10.00000
        63.39926	        7.00000
        63.42426	        7.00000
        63.44926	       10.00000
        63.47426	       10.00000
        63.49926	        9.00000
        63.52426	       12.00000
        63.54926	        7.00000
        63.57426	       15.00000
        63.59926	       13.00000
        63.62426	       10.00000
        63.64926	        4.00000
        63.67426	       10.00000
        63.69926	       12.00000
        63.72426	        9.00000
        63.74926	        5.00000
        63.77426	       12.00000
        63.79926	       10.00000
        63.82426	        7.00000
        63.84926	       13.00000
        63.87426	        2.00000
        63.89926	       12.00000
        63.92426	       12.00000
        63.94926	       10.00000
        63.97426	       12.00000
        63.99926	        9.00000
        64.02426	        7.00000
        64.04926	       12.00000
        64.07426	        5.00000
        64.09926	        6.00000
        64.12426	        7.00000
        64.14926	       10.00000
        64.17426	       12.00000
        64.19926	       12.00000
        64.22426	       13.00000
        64.24926	        6.00000
        64.27426	        7.00000
        64.29926	       12.00000
        64.32426	        9.00000
        64.34926	       10.00000
        64.37426	        6.00000
        64.39926	       12.00000
        64.42426	       12.00000
        64.44926	        6.00000
        64.47426	        5.00000
        64.49926	       10.00000
        64.52426	        9.00000
        64.54926	        9.00000
        64.57426	       13.00000
        64.59926	       10.00000
        64.62426	       10.00000
        64.64926	        9.00000
        64.67426	       15.00000
        64.69926	       12.00000
        64.72426	       10.00000
        64.74926	        6.00000
        64.77426	        9.00000
        64.79926	       21.00000
        64.82426	        7.00000
        64.84926	        4.00000
        64.87426	       17.00000
        64.89926	        6.00000
        64.92426	       15.00000
        64.94926	        7.00000
        64.97426	        7.00000
        64.99926	       10.00000
        65.02426	        7.00000
        65.04926	        6.00000
        65.07426	       12.00000
        65.09926	        4.00000
        65.12426	       10.00000
        65.14926	        6.00000
        65.17426	        9.00000
        65.19926	       12.00000
        65.22426	        9.00000
        65.24926	        1.00000
        65.27426	        6.00000
        65.29926	       10.00000
        65.32426	        5.00000
        65.34926	        6.00000
        65.37426	        4.00000
        65.39926	       13.00000
        65.42426	       10.00000
        65.44926	       16.00000
        65.47426	        7.00000
        65.49926	        6.00000
        65.52426	       10.00000
        65.54926	       10.00000
        65.57426	       10.00000
        65.59926	        5.00000
        65.62426	       10.00000
        65.64926	        5.00000
        65.67426	       10.00000
        65.69926	       10.00000
        65.72426	        5.00000
        65.74926	        6.00000
        65.77426	        5.00000
        65.79926	       12.00000
        65.82426	       13.00000
        65.84926	       10.00000
        65.87426	       10.00000
        65.89926	        4.00000
        65.92426	       12.00000
        65.94926	       12.00000
        65.97426	       10.00000
        65.99926	        7.00000
        66.02426	       16.00000
        66.04926	        6.00000
        66.07426	        9.00000
        66.09926	        7.00000
        66.12426	       10.00000
        66.14926	        6.00000
        66.17426	       10.00000
        66.19926	        6.00000
        66.22426	        7.00000
        66.24926	       10.00000
        66.27426	        7.00000
        66.29926	        7.00000
        66.32426	        2.00000
        66.34926	       10.00000
        66.37426	       10.00000
        66.39926	        7.00000
        66.42426	       10.00000
        66.44926	       10.00000
        66.47426	        7.00000
        66.49926	        7.00000
        66.52426	       10.00000
        66.54926	       12.00000
        66.57426	       16.00000
        66.59926	       12.00000
        66.62426	       10.00000
        66.64926	       13.00000
        66.67426	       12.00000
        66.69926	        4.00000
        66.72426	        9.00000
        66.74926	        9.00000
        66.77426	       12.00000
        66.79926	        9.00000
        66.82426	        6.00000
        66.84926	        7.00000
        66.87426	       12.00000
        66.89926	       10.00000
        66.92426	        9.00000
        66.94926	       12.00000
        66.97426	       13.00000
        66.99926	        9.00000
        67.02426	       12.00000
        67.04926	       13.00000
        67.07426	       13.00000
        67.09926	        9.00000
        67.12426	       17.00000
        67.14926	       10.00000
        67.17426	        9.00000
        67.19926	       12.00000
        67.22426	       10.00000
        67.24926	        7.00000
        67.27426	       10.00000
        67.29926	        9.00000
        67.32426	       10.00000
        67.34926	       10.00000
        67.37426	       10.00000
        67.39926	        4.00000
        67.42426	       13.00000
        67.44926	       10.00000
        67.47426	       12.00000
        67.49926	       15.00000
        67.52426	       20.00000
        67.54926	        6.00000
        67.57426	       15.00000
        67.59926	        9.00000
        67.62426	       13.00000
        67.64926	        5.00000
        67.67426	       12.00000
        67.69926	       12.00000
        67.72426	       10.00000
        67.74926	       10.00000
        67.77426	       10.00000
        67.79926	       10.00000
        67.82426	       16.00000
        67.84926	        9.00000
        67.87426	       16.00000
        67.89926	       10.00000
        67.92426	       12.00000
        67.94926	       12.00000
        67.97426	       16.00000
        67.99926	       15.00000
        68.02426	        7.00000
        68.04926	        5.00000
        68.07426	       17.00000
        68.09926	        9.00000
        68.12426	       17.00000
        68.14926	       21.00000
        68.17426	       17.00000
        68.19926	       16.00000
        68.22426	       13.00000
        68.24926	       16.00000
        68.27426	       12.00000
        68.29926	       12.00000
        68.32426	       15.00000
        68.34926	       15.00000
        68.37426	       12.00000
        68.39926	       12.00000
        68.42426	       25.00000
        68.44926	       12.00000
        68.47426	       21.00000
        68.49926	       13.00000
        68.52426	       13.00000
        68.54926	       16.00000
        68.57426	       22.00000
        68.59926	       21.00000
        68.62426	       16.00000
        68.64926	       19.00000
        68.67426	       16.00000
        68.69926	        9.00000
        68.72426	       15.00000
        68.74926	       13.00000
        68.77426	       13.00000
        68.79926	       10.00000
        68.82426	       13.00000
        68.84926	       10.00000
        68.87426	       13.00000
        68.89926	       23.00000
        68.92426	       20.00000
        68.94926	       23.00000
        68.97426	       26.00000
        68.99926	       27.00000
        69.02426	       38.00000
        69.04926	       33.00000
        69.07426	       46.00000
        69.09926	       37.00000
        69.12426	       43.00000
        69.14926	       43.00000
        69.17426	       50.00000
        69.19926	       43.00000
        69.22426	       72.00000
        69.24926	       79.00000
        69.27426	      125.00000
        69.29926	      134.00000
        69.32426	      416.00000
        69.34926	      605.00000
        69.37426	     1764.00000
        69.39926	     2199.00000
        69.42426	     1672.00000
        69.44926	     1332.00000
        69.47426	      396.00000
        69.49926	      285.00000
        69.52426	      316.00000
        69.54926	      428.00000
        69.57426	     1004.00000
        69.59926	     1102.00000
        69.62426	      784.00000
        69.64926	      519.00000
        69.67426	      171.00000
        69.69926	      134.00000
        69.72426	       82.00000
        69.74926	       54.00000
        69.77426	       49.00000
        69.79926	       47.00000
        69.82426	       46.00000
        69.84926	       26.00000
        69.87426	       24.00000
        69.89926	       28.00000
        69.92426	       16.00000
        69.94926	       24.00000
        69.97426	       25.00000
        69.99926	       21.00000
        70.02426	       24.00000
        70.04926	       16.00000
        70.07426	       21.00000
        70.09926	       23.00000
        70.12426	       15.00000
        70.14926	       23.00000
        70.17426	       24.00000
        70.19926	       10.00000
        70.22426	       21.00000
        70.24926	       15.00000
        70.27426	       16.00000
        70.29926	       16.00000
        70.32426	       16.00000
        70.34926	       16.00000
        70.37426	       13.00000
        70.39926	       12.00000
        70.42426	       10.00000
        70.44926	       10.00000
        70.47426	       13.00000
        70.49926	       21.00000
        70.52426	       13.00000
        70.54926	       12.00000
        70.57426	       10.00000
        70.59926	       12.00000
        70.62426	       12.00000
        70.64926	       15.00000
        70.67426	       12.00000
        70.69926	       12.00000
        70.72426	        9.00000
        70.74926	        7.00000
        70.77426	       10.00000
        70.79926	       13.00000
        70.82426	       12.00000
        70.84926	       10.00000
        70.87426	       19.00000
        70.89926	       15.00000
        70.92426	       12.00000
        70.94926	       10.00000
        70.97426	       15.00000
        70.99926	       16.00000
        71.02426	       10.00000
        71.04926	       10.00000
        71.07426	        6.00000
        71.09926	       16.00000
        71.12426	       15.00000
        71.14926	       13.00000
        71.17426	       12.00000
        71.19926	       12.00000
        71.22426	       15.00000
        71.24926	       12.00000
        71.27426	       12.00000
        71.29926	       12.00000
        71.32426	       16.00000
        71.34926	       12.00000
        71.37426	       12.00000
        71.39926	        5.00000
        71.42426	        7.00000
        71.44926	       12.00000
        71.47426	        5.00000
        71.49926	        6.00000
        71.52426	       10.00000
        71.54926	        6.00000
        71.57426	        7.00000
        71.59926	       16.00000
        71.62426	        4.00000
        71.64926	       15.00000
        71.67426	       10.00000
        71.69926	       12.00000
        71.72426	       10.00000
        71.74926	       12.00000
        71.77426	       10.00000
        71.79926	       13.00000
        71.82426	       16.00000
        71.84926	       16.00000
        71.87426	       10.00000
        71.89926	       10.00000
        71.92426	       12.00000
        71.94926	       15.00000
        71.97426	        7.00000
        71.99926	        9.00000
        72.02426	       12.00000
        72.04926	        9.00000
        72.07426	       17.00000
        72.09926	       10.00000
        72.12426	       12.00000
        72.14926	       10.00000
        72.17426	       10.00000
        72.19926	       13.00000
        72.22426	        5.00000
        72.24926	       12.00000
        72.27426	        7.00000
        72.29926	       13.00000
        72.32426	        9.00000
        72.34926	        7.00000
        72.37426	       13.00000
        72.39926	       12.00000
        72.42426	       10.00000
        72.44926	       10.00000
        72.47426	        9.00000
        72.49926	       13.00000
        72.52426	       10.00000
        72.54926	        9.00000
        72.57426	        9.00000
        72.59926	       15.00000
        72.62426	        6.00000
        72.64926	       10.00000
        72.67426	       10.00000
        72.69926	       13.00000
        72.72426	        9.00000
        72.74926	       15.00000
        72.77426	       12.00000
        72.79926	       10.00000
        72.82426	       16.00000
        72.84926	       13.00000
        72.87426	       12.00000
        72.89926	       10.00000
        72.92426	       12.00000
        72.94926	        7.00000
        72.97426	        9.00000
        72.99926	       16.00000
        73.02426	       10.00000
        73.04926	        9.00000
        73.07426	       10.00000
        73.09926	       12.00000
        73.12426	       13.00000
        73.14926	       10.00000
        73.17426	        9.00000
        73.19926	       12.00000
        73.22426	       15.00000
        73.24926	       12.00000
        73.27426	       10.00000
        73.29926	       13.00000
        73.32426	        9.00000
        73.34926	        9.00000
        73.37426	       12.00000
        73.39926	        6.00000
        73.42426	       12.00000
        73.44926	       17.00000
        73.47426	       12.00000
        73.49926	        9.00000
        73.52426	       10.00000
        73.54926	       10.00000
        73.57426	       10.00000
        73.59926	       16.00000
        73.62426	       16.00000
        73.64926	       10.00000
        73.67426	       15.00000
        73.69926	        5.00000
        73.72426	       12.00000
        73.74926	        9.00000
        73.77426	       12.00000
        73.79926	       12.00000
        73.82426	       10.00000
        73.84926	       16.00000
        73.87426	       12.00000
        73.89926	       10.00000
        73.92426	        6.00000
        73.94926	       16.00000
        73.97426	       12.00000
        73.99926	       10.00000
        74.02426	       10.00000
        74.04926	       16.00000
        74.07426	       20.00000
        74.09926	       12.00000
        74.12426	        6.00000
        74.14926	       15.00000
        74.17426	       12.00000
        74.19926	       13.00000
        74.22426	       12.00000
        74.24926	       12.00000
        74.27426	       10.00000
        74.29926	       17.00000
        74.32426	       12.00000
        74.34926	       10.00000
        74.37426	       13.00000
        74.39926	        6.00000
        74.42426	        9.00000
        74.44926	       12.00000
        74.47426	       16.00000
        74.49926	        7.00000
        74.52426	       12.00000
        74.54926	       12.00000
        74.57426	       10.00000
        74.59926	       10.00000
        74.62426	       10.00000
        74.64926	       10.00000
        74.67426	       13.00000
        74.69926	       10.00000
        74.72426	       19.00000
        74.74926	       10.00000
        74.77426	        4.00000
        74.79926	       13.00000
        74.82426	       27.00000
        74.84926	       15.00000
        74.87426	       21.00000
        74.89926	       17.00000
        74.92426	       25.00000
        74.94926	       15.00000
        74.97426	       16.00000
        74.99926	       13.00000
        75.02426	       12.00000
        75.04926	       16.00000
        75.07426	       15.00000
        75.09926	       16.00000
        75.12426	       19.00000
        75.14926	       16.00000
        75.17426	       17.00000
        75.19926	       17.00000
        75.22426	       13.00000
        75.24926	       23.00000
        75.27426	       16.00000
        75.29926	        9.00000
        75.32426	       13.00000
        75.34926	       25.00000
        75.37426	       16.00000
        75.39926	       23.00000
        75.42426	       16.00000
        75.44926	       15.00000
        75.47426	       21.00000
        75.49926	       30.00000
        75.52426	       15.00000
        75.54926	       25.00000
        75.57426	       25.00000
        75.59926	       24.00000
        75.62426	       16.00000
        75.64926	       12.00000
        75.67426	       16.00000
        75.69926	       19.00000
        75.72426	       16.00000
        75.74926	       23.00000
        75.77426	       21.00000
        75.79926	       26.00000
        75.82426	       17.00000
        75.84926	       15.00000
        75.87426	       29.00000
        75.89926	       22.00000
        75.92426	       17.00000
        75.94926	       25.00000
        75.97426	       34.00000
        75.99926	       30.00000
        76.02426	       25.00000
        76.04926	       23.00000
        76.07426	       23.00000
        76.09926	       30.00000
        76.12426	       26.00000
        76.14926	       38.00000
        76.17426	       49.00000
        76.19926	       46.00000
        76.22426	       51.00000
        76.24926	       70.00000
        76.27426	       84.00000
        76.29926	       67.00000
        76.32426	       94.00000
        76.34926	       70.00000
        76.37426	       73.00000
        76.39926	       65.00000
        76.42426	       86.00000
        76.44926	       88.00000
        76.47426	      100.00000
        76.49926	      153.00000
        76.52426	      204.00000
        76.54926	      302.00000
        76.57426	      497.00000
        76.59926	      852.00000
        76.62426	     1747.00000
        76.64926	     3136.00000
        76.67426	     4277.00000
        76.69926	     3733.00000
        76.72426	     2209.00000
        76.74926	     1095.00000
        76.77426	      655.00000
        76.79926	      492.00000
        76.82426	      576.00000
        76.84926	      858.00000
        76.87426	     1560.00000
        76.89926	     2025.00000
        76.92426	     1789.00000
        76.94926	     1043.00000
        76.97426	      552.00000
        76.99926	      306.00000
        77.02426	      190.00000
        77.04926	      156.00000
        77.07426	      116.00000
        77.09926	       98.00000
        77.12426	       57.00000
        77.14926	       53.00000
        77.17426	       56.00000
        77.19926	       59.00000
        77.22426	       46.00000
        77.24926	       50.00000
        77.27426	       42.00000
        77.29926	       47.00000
        77.32426	       16.00000
        77.34926	       29.00000
        77.37426	       29.00000
        77.39926	       27.00000
        77.42426	       32.00000
        77.44926	       26.00000
        77.47426	       27.00000
        77.49926	       28.00000
        77.52426	       26.00000
        77.54926	       28.00000
        77.57426	       31.00000
        77.59926	       32.00000
        77.62426	       32.00000
        77.64926	       23.00000
        77.67426	       22.00000
        77.69926	       20.00000
        77.72426	       23.00000
        77.74926	       21.00000
        77.77426	       22.00000
        77.79926	       17.00000
        77.82426	       22.00000
        77.84926	       25.00000
        77.87426	       22.00000
        77.89926	       17.00000
        77.92426	       16.00000
        77.94926	       25.00000
        77.97426	       24.00000
        77.99926	       25.00000
        78.02426	       26.00000
        78.04926	       19.00000
        78.07426	       21.00000
        78.09926	       28.00000
        78.12426	       36.00000
        78.14926	       27.00000
        78.17426	       17.00000
        78.19926	       24.00000
        78.22426	       25.00000
        78.24926	       17.00000
        78.27426	       25.00000
        78.29926	       25.00000
        78.32426	       30.00000
        78.34926	       25.00000
        78.37426	       27.00000
        78.39926	       26.00000
        78.42426	       21.00000
        78.44926	       13.00000
        78.47426	       30.00000
        78.49926	       30.00000
        78.52426	       23.00000
        78.54926	       29.00000
        78.57426	       34.00000
        78.59926	       42.00000
        78.62426	       54.00000
        78.64926	       56.00000
        78.67426	       53.00000
        78.69926	       64.00000
        78.72426	       62.00000
        78.74926	       65.00000
        78.77426	       57.00000
        78.79926	       56.00000
        78.82426	       75.00000
        78.84926	       92.00000
        78.87426	      110.00000
        78.89926	      127.00000
        78.92426	      179.00000
        78.94926	      309.00000
        78.97426	      610.00000
        78.99926	     1122.00000
        79.02426	     2190.00000
        79.04926	     2851.00000
        79.07426	     2520.00000
        79.09926	     1451.00000
        79.12426	      739.00000
        79.14926	      372.00000
        79.17426	      309.00000
        79.19926	      353.00000
        79.22426	      556.00000
        79.24926	      876.00000
        79.27426	     1317.00000
        79.29926	     1324.00000
        79.32426	      961.00000
        79.34926	      515.00000
        79.37426	      262.00000
        79.39926	      166.00000
        79.42426	      100.00000
        79.44926	       68.00000
        79.47426	       68.00000
        79.49926	       60.00000
        79.52426	       51.00000
        79.54926	       50.00000
        79.57426	       50.00000
        79.59926	       30.00000
        79.62426	       25.00000
        79.64926	       27.00000
        79.67426	       37.00000
        79.69926	       24.00000
        79.72426	       31.00000
        79.74926	       26.00000
        79.77426	       28.00000
        79.79926	       27.00000
        79.82426	       24.00000
        79.84926	       17.00000
        79.87426	       26.00000
        79.89926	       26.00000
        79.92426	       24.00000
        79.94926	       20.00000
        79.97426	       22.00000
        79.99926	       15.00000
        80.02426	       19.00000
        80.04926	       20.00000
        80.07426	       12.00000
        80.09926	       13.00000
        80.12426	       19.00000
        80.14926	       15.00000
        80.17426	       10.00000
        80.19926	       22.00000
        80.22426	       19.00000
        80.24926	       16.00000
        80.27426	       12.00000
        80.29926	       13.00000
        80.32426	       16.00000
        80.34926	       19.00000
        80.37426	       12.00000
        80.39926	       23.00000
        80.42426	       13.00000
        80.44926	       16.00000
        80.47426	       16.00000
        80.49926	       16.00000
        80.52426	       15.00000
        80.54926	       16.00000
        80.57426	       10.00000
        80.59926	       16.00000
        80.62426	       13.00000
        80.64926	       12.00000
        80.67426	       16.00000
        80.69926	       12.00000
        80.72426	       15.00000
        80.74926	       16.00000
        80.77426	       13.00000
        80.79926	       15.00000
        80.82426	       12.00000
        80.84926	       10.00000
        80.87426	       10.00000
        80.89926	       10.00000
        80.92426	       12.00000
        80.94926	       15.00000
        80.97426	       13.00000
        80.99926	       15.00000
        81.02426	       12.00000
        81.04926	       12.00000
        81.07426	        5.00000
        81.09926	       15.00000
        81.12426	       17.00000
        81.14926	       24.00000
        81.17426	       12.00000
        81.19926	        6.00000
        81.22426	       10.00000
        81.24926	       12.00000
        81.27426	       20.00000
        81.29926	       12.00000
        81.32426	       17.00000
        81.34926	       10.00000
        81.37426	        7.00000
        81.39926	        4.00000
        81.42426	        9.00000
        81.44926	        5.00000
        81.47426	       12.00000
        81.49926	       19.00000
        81.52426	       12.00000
        81.54926	       16.00000
        81.57426	       21.00000
        81.59926	        4.00000
        81.62426	        7.00000
        81.64926	       16.00000
        81.67426	       17.00000
        81.69926	       17.00000
        81.72426	       16.00000
        81.74926	        9.00000
        81.77426	        6.00000
        81.79926	        4.00000
        81.82426	       20.00000
        81.84926	       15.00000
        81.87426	        7.00000
        81.89926	       17.00000
        81.92426	       10.00000
        81.94926	        9.00000
        81.97426	       13.00000
        81.99926	       12.00000
        82.02426	       12.00000
        82.04926	       15.00000
        82.07426	       13.00000
        82.09926	       16.00000
        82.12426	       12.00000
        82.14926	       12.00000
        82.17426	       10.00000
        82.19926	       10.00000
        82.22426	       10.00000
        82.24926	       12.00000
        82.27426	        9.00000
        82.29926	       10.00000
        82.32426	       17.00000
        82.34926	       13.00000
        82.37426	       10.00000
        82.39926	       10.00000
        82.42426	       12.00000
        82.44926	        6.00000
        82.47426	       10.00000
        82.49926	        7.00000
        82.52426	       10.00000
        82.54926	       12.00000
        82.57426	        6.00000
        82.59926	       13.00000
        82.62426	       15.00000
        82.64926	       16.00000
        82.67426	       15.00000
        82.69926	        5.00000
        82.72426	       16.00000
        82.74926	       10.00000
        82.77426	        7.00000
        82.79926	        7.00000
        82.82426	       10.00000
        82.84926	       10.00000
        82.87426	       12.00000
        82.89926	        7.00000
        82.92426	       15.00000
        82.94926	       12.00000
        82.97426	       20.00000
        82.99926	       13.00000
        83.02426	       10.00000
        83.04926	       10.00000
        83.07426	       10.00000
        83.09926	        6.00000
        83.12426	       10.00000
        83.14926	       12.00000
        83.17426	       10.00000
        83.19926	       12.00000
        83.22426	        9.00000
        83.24926	       12.00000
        83.27426	       15.00000
        83.29926	       12.00000
        83.32426	       16.00000
        83.34926	       15.00000
        83.37426	       12.00000
        83.39926	       16.00000
        83.42426	       20.00000
        83.44926	       12.00000
        83.47426	       13.00000
        83.49926	       16.00000
        83.52426	        5.00000
        83.54926	        9.00000
        83.57426	        6.00000
        83.59926	       19.00000
        83.62426	       19.00000
        83.64926	        7.00000
        83.67426	       12.00000
        83.69926	       10.00000
        83.72426	       12.00000
        83.74926	       16.00000
        83.77426	       21.00000
        83.79926	       13.00000
        83.82426	       12.00000
        83.84926	       15.00000
        83.87426	       15.00000
        83.89926	       16.00000
        83.92426	       20.00000
        83.94926	       10.00000
        83.97426	        7.00000
        83.99926	       10.00000
        84.02426	        5.00000
        84.04926	       15.00000
        84.07426	       12.00000
        84.09926	       10.00000
        84.12426	       15.00000
        84.14926	        6.00000
        84.17426	        6.00000
        84.19926	        4.00000
        84.22426	        9.00000
        84.24926	        9.00000
        84.27426	       10.00000
        84.29926	        7.00000
        84.32426	       10.00000
        84.34926	       12.00000
        84.37426	        6.00000
        84.39926	       13.00000
        84.42426	       16.00000
        84.44926	        4.00000
        84.47426	        9.00000
        84.49926	       16.00000
        84.52426	       13.00000
        84.54926	        5.00000
        84.57426	        9.00000
        84.59926	       10.00000
        84.62426	       10.00000
        84.64926	       15.00000
        84.67426	       10.00000
        84.69926	       13.00000
        84.72426	       12.00000
        84.74926	       16.00000
        84.77426	       10.00000
        84.79926	       12.00000
        84.82426	        6.00000
        84.84926	        5.00000
        84.87426	       15.00000
        84.89926	       20.00000
        84.92426	       10.00000
        84.94926	       16.00000
        84.97426	       16.00000
        84.99926	        7.00000
        85.02426	       12.00000
        85.04926	       16.00000
        85.07426	        6.00000
        85.09926	       10.00000
        85.12426	        9.00000
        85.14926	       13.00000
        85.17426	       12.00000
        85.19926	       10.00000
        85.22426	       12.00000
        85.24926	       20.00000
        85.27426	       12.00000
        85.29926	       10.00000
        85.32426	       12.00000
        85.34926	        9.00000
        85.37426	       12.00000
        85.39926	       16.00000
        85.42426	       15.00000
        85.44926	       10.00000
        85.47426	       19.00000
        85.49926	       10.00000
        85.52426	        7.00000
        85.54926	       12.00000
        85.57426	       13.00000
        85.59926	       10.00000
        85.62426	       12.00000
        85.64926	        9.00000
        85.67426	       12.00000
        85.69926	        7.00000
        85.72426	       12.00000
        85.74926	       13.00000
        85.77426	       13.00000
        85.79926	       19.00000
        85.82426	       10.00000
        85.84926	        9.00000
        85.87426	       17.00000
        85.89926	       21.00000
        85.92426	       13.00000
        85.94926	        9.00000
        85.97426	       23.00000
        85.99926	       15.00000
        86.02426	       10.00000
        86.04926	       22.00000
        86.07426	       12.00000
        86.09926	       16.00000
        86.12426	        9.00000
        86.14926	       21.00000
        86.17426	       15.00000
        86.19926	       15.00000
        86.22426	       12.00000
        86.24926	       21.00000
        86.27426	       12.00000
        86.29926	       16.00000
        86.32426	       16.00000
        86.34926	       15.00000
        86.37426	       13.00000
        86.39926	       24.00000
        86.42426	       22.00000
        86.44926	       16.00000
        86.47426	       15.00000
        86.49926	       12.00000
        86.52426	        7.00000
        86.54926	       16.00000
        86.57426	       17.00000
        86.59926	       16.00000
        86.62426	       10.00000
        86.64926	       12.00000
        86.67426	       16.00000
        86.69926	       12.00000
        86.72426	       22.00000
        86.74926	       15.00000
        86.77426	       17.00000
        86.79926	       19.00000
        86.82426	       16.00000
        86.84926	       16.00000
        86.87426	       16.00000
        86.89926	       15.00000
        86.92426	       19.00000
        86.94926	       16.00000
        86.97426	       15.00000
        86.99926	       16.00000
        87.02426	       27.00000
        87.04926	       17.00000
        87.07426	       17.00000
        87.09926	       17.00000
        87.12426	       27.00000
        87.14926	       21.00000
        87.17426	       20.00000
        87.19926	       15.00000
        87.22426	       12.00000
        87.24926	       16.00000
        87.27426	        9.00000
        87.29926	       24.00000
        87.32426	       16.00000
        87.34926	       22.00000
        87.37426	       16.00000
        87.39926	       20.00000
        87.42426	       20.00000
        87.44926	       27.00000
        87.47426	       26.00000
        87.49926	       17.00000
        87.52426	       16.00000
        87.54926	       21.00000
        87.57426	       23.00000
        87.59926	       24.00000
        87.62426	       12.00000
        87.64926	       24.00000
        87.67426	       24.00000
        87.69926	       24.00000
        87.72426	       23.00000
        87.74926	       30.00000
        87.77426	       44.00000
        87.79926	       32.00000
        87.82426	       36.00000
        87.84926	       47.00000
        87.87426	       44.00000
        87.89926	       51.00000
        87.92426	       64.00000
        87.94926	       56.00000
        87.97426	       67.00000
        87.99926	       53.00000
        88.02426	       70.00000
        88.04926	       59.00000
        88.07426	       62.00000
        88.09926	       67.00000
        88.12426	       65.00000
        88.14926	       92.00000
        88.17426	       92.00000
        88.19926	      134.00000
        88.22426	      161.00000
        88.24926	      222.00000
        88.27426	      331.00000
        88.29926	      561.00000
        88.32426	      948.00000
        88.34926	     1747.00000
        88.37426	     2937.00000
        88.39926	     3552.00000
        88.42426	     2992.00000
        88.44926	     1823.00000
        88.47426	      985.00000
        88.49926	      635.00000
        88.52426	      412.00000
        88.54926	      327.00000
        88.57426	      372.00000
        88.59926	      547.00000
        88.62426	      906.00000
        88.64926	     1421.00000
        88.67426	     1730.00000
        88.69926	     1505.00000
        88.72426	      973.00000
        88.74926	      538.00000
        88.77426	      299.00000
        88.79926	      184.00000
        88.82426	      116.00000
        88.84926	      114.00000
        88.87426	       90.00000
        88.89926	       79.00000
        88.92426	       60.00000
        88.94926	       49.00000
        88.97426	       39.00000
        88.99926	       37.00000
        89.02426	       43.00000
        89.04926	       32.00000
        89.07426	       38.00000
        89.09926	       33.00000
        89.12426	       22.00000
        89.14926	       23.00000
        89.17426	       29.00000
        89.19926	       21.00000
        89.22426	       26.00000
        89.24926	       25.00000
        89.27426	       24.00000
        89.29926	       29.00000
        89.32426	       24.00000
        89.34926	       25.00000
        89.37426	       16.00000
        89.39926	       16.00000
        89.42426	       22.00000
        89.44926	       10.00000
        89.47426	       16.00000
        89.49926	       32.00000
        89.52426	       17.00000
        89.54926	       25.00000
        89.57426	       19.00000
        89.59926	       16.00000
        89.62426	       22.00000
        89.64926	       20.00000
        89.67426	        9.00000
        89.69926	       21.00000
        89.72426	       13.00000
        89.74926	       21.00000
        89.77426	       19.00000
        89.79926	       20.00000
        89.82426	       20.00000
        89.84926	       12.00000
        89.87426	       16.00000
        89.89926	        7.00000
        89.92426	       25.00000
        89.94926	       16.00000
        89.97426	       16.00000
        89.99926	       12.00000
        90.02426	       12.00000
        90.04926	       19.00000
        90.07426	       13.00000
        90.09926	       16.00000
        90.12426	       10.00000
        90.14926	       10.00000
        90.17426	       17.00000
        90.19926	       16.00000
        90.22426	       13.00000
        90.24926	       10.00000
        90.27426	        7.00000
        90.29926	        7.00000
        90.32426	       17.00000
        90.34926	       10.00000
        90.37426	       12.00000
        90.39926	       12.00000
        90.42426	       10.00000
        90.44926	        9.00000
        90.47426	       12.00000
        90.49926	       13.00000
        90.52426	       15.00000
        90.54926	       12.00000
        90.57426	       10.00000
        90.59926	       17.00000
        90.62426	       23.00000
        90.64926	       17.00000
        90.67426	       10.00000
        90.69926	        7.00000
        90.72426	       12.00000
        90.74926	       12.00000
        90.77426	       15.00000
        90.79926	        9.00000
        90.82426	        5.00000
        90.84926	       12.00000
        90.87426	       13.00000
        90.89926	       10.00000
        90.92426	        2.00000
        90.94926	       16.00000
        90.97426	       17.00000
        90.99926	       10.00000
        91.02426	       15.00000
        91.04926	       12.00000
        91.07426	       10.00000
        91.09926	       17.00000
        91.12426	       16.00000
        91.14926	       12.00000
        91.17426	        9.00000
        91.19926	       13.00000
        91.22426	       12.00000
        91.24926	       10.00000
        91.27426	       10.00000
        91.29926	       13.00000
        91.32426	       16.00000
        91.34926	       10.00000
        91.37426	       10.00000
        91.39926	       12.00000
        91.42426	       10.00000
        91.44926	       10.00000
        91.47426	       12.00000
        91.49926	       16.00000
        91.52426	       10.00000
        91.54926	       13.00000
        91.57426	       10.00000
        91.59926	       12.00000
        91.62426	       10.00000
        91.64926	       12.00000
        91.67426	       15.00000
        91.69926	       10.00000
        91.72426	       17.00000
        91.74926	       12.00000
        91.77426	       13.00000
        91.79926	       12.00000
        91.82426	       13.00000
        91.84926	        9.00000
        91.87426	       12.00000
        91.89926	       16.00000
        91.92426	       16.00000
        91.94926	       12.00000
        91.97426	       17.00000
        91.99926	       10.00000
        92.02426	       12.00000
        92.04926	        7.00000
        92.07426	       10.00000
        92.09926	       17.00000
        92.12426	       12.00000
        92.14926	       12.00000
        92.17426	       10.00000
        92.19926	        6.00000
        92.22426	       12.00000
        92.24926	       17.00000
        92.27426	       12.00000
        92.29926	       12.00000
        92.32426	       12.00000
        92.34926	       10.00000
        92.37426	       15.00000
        92.39926	        9.00000
        92.42426	       12.00000
        92.44926	       16.00000
        92.47426	        9.00000
        92.49926	       13.00000
        92.52426	       19.00000
        92.54926	       10.00000
        92.57426	       12.00000
        92.59926	       15.00000
        92.62426	       20.00000
        92.64926	       15.00000
        92.67426	       10.00000
        92.69926	       17.00000
        92.72426	       16.00000
        92.74926	       10.00000
        92.77426	       13.00000
        92.79926	       16.00000
        92.82426	        9.00000
        92.84926	       13.00000
        92.87426	        7.00000
        92.89926	        5.00000
        92.92426	       10.00000
        92.94926	       23.00000
        92.97426	       17.00000
        92.99926	       10.00000
        93.02426	       15.00000
        93.04926	       13.00000
        93.07426	       12.00000
        93.09926	       12.00000
        93.12426	       10.00000
        93.14926	       12.00000
        93.17426	       13.00000
        93.19926	       12.00000
        93.22426	       13.00000
        93.24926	       12.00000
        93.27426	       13.00000
        93.29926	        7.00000
        93.32426	       16.00000
        93.34926	       19.00000
        93.37426	       13.00000
        93.39926	       16.00000
        93.42426	       12.00000
        93.44926	        7.00000
        93.47426	       12.00000
        93.49926	       16.00000
        93.52426	       15.00000
        93.54926	       19.00000
        93.57426	       22.00000
        93.59926	       15.00000
        93.62426	       12.00000
        93.64926	       19.00000
        93.67426	       12.00000
        93.69926	       16.00000
        93.72426	       15.00000
        93.74926	       10.00000
        93.77426	       20.00000
        93.79926	       10.00000
        93.82426	       13.00000
        93.84926	       15.00000
        93.87426	       13.00000
        93.89926	       12.00000
        93.92426	       20.00000
        93.94926	       20.00000
        93.97426	       16.00000
        93.99926	       21.00000
        94.02426	       23.00000
        94.04926	       12.00000
        94.07426	       15.00000
        94.09926	       15.00000
        94.12426	       12.00000
        94.14926	       16.00000
        94.17426	       13.00000
        94.19926	       19.00000
        94.22426	       16.00000
        94.24926	       12.00000
        94.27426	       10.00000
        94.29926	       12.00000
        94.32426	       21.00000
        94.34926	       17.00000
        94.37426	       20.00000
        94.39926	       17.00000
        94.42426	       16.00000
        94.44926	       19.00000
        94.47426	       23.00000
        94.49926	       21.00000
        94.52426	       13.00000
        94.54926	       28.00000
        94.57426	       28.00000
        94.59926	       27.00000
        94.62426	       20.00000
        94.64926	       27.00000
        94.67426	       32.00000
        94.69926	       30.00000
        94.72426	       23.00000
        94.74926	       28.00000
        94.77426	       47.00000
        94.79926	       47.00000
        94.82426	       56.00000
        94.84926	       50.00000
        94.87426	       50.00000
        94.89926	       53.00000
        94.92426	       40.00000
        94.94926	       49.00000
        94.97426	       46.00000
        94.99926	       59.00000
        95.02426	       44.00000
        95.04926	       65.00000
        95.07426	       65.00000
        95.09926	       75.00000
        95.12426	       84.00000
        95.14926	       90.00000
        95.17426	      125.00000
        95.19926	      158.00000
        95.22426	      225.00000
        95.24926	      342.00000
        95.27426	      556.00000
        95.29926	      942.00000
        95.32426	     1823.00000
        95.34926	     2872.00000
        95.37426	     3294.00000
        95.39926	     2500.00000
        95.42426	     1436.00000
        95.44926	      858.00000
        95.47426	      501.00000
        95.49926	      302.00000
        95.52426	      289.00000
        95.54926	      249.00000
        95.57426	      309.00000
        95.59926	      416.00000
        95.62426	      707.00000
        95.64926	     1122.00000
        95.67426	     1536.00000
        95.69926	     1398.00000
        95.72426	     1036.00000
        95.74926	      605.00000
        95.77426	      361.00000
        95.79926	      225.00000
        95.82426	      129.00000
        95.84926	      100.00000
        95.87426	      100.00000
        95.89926	       60.00000
        95.92426	       59.00000
        95.94926	       62.00000
        95.97426	       62.00000
        95.99926	       42.00000
        96.02426	       42.00000
        96.04926	       39.00000
        96.07426	       25.00000
        96.09926	       29.00000
        96.12426	       24.00000
        96.14926	       30.00000
        96.17426	       22.00000
        96.19926	       31.00000
        96.22426	       20.00000
        96.24926	       27.00000
        96.27426	       12.00000
        96.29926	       19.00000
        96.32426	       26.00000
        96.34926	       29.00000
        96.37426	       25.00000
        96.39926	       20.00000
        96.42426	       22.00000
        96.44926	       23.00000
        96.47426	       16.00000
        96.49926	        9.00000
        96.52426	       17.00000
        96.54926	       27.00000
        96.57426	       29.00000
        96.59926	       21.00000
        96.62426	       16.00000
        96.64926	       20.00000
        96.67426	       16.00000
        96.69926	       20.00000
        96.72426	       19.00000
        96.74926	       15.00000
        96.77426	       16.00000
        96.79926	       10.00000
        96.82426	       16.00000
        96.84926	       15.00000
        96.87426	       12.00000
        96.89926	       16.00000
        96.92426	       12.00000
        96.94926	       17.00000
        96.97426	        9.00000
        96.99926	       19.00000
        97.02426	       22.00000
        97.04926	       15.00000
        97.07426	        9.00000
        97.09926	       10.00000
        97.12426	       12.00000
        97.14926	       20.00000
        97.17426	       21.00000
        97.19926	       21.00000
        97.22426	       12.00000
        97.24926	       16.00000
        97.27426	       10.00000
        97.29926	       15.00000
        97.32426	       10.00000
        97.34926	       19.00000
        97.37426	       16.00000
        97.39926	       16.00000
        97.42426	       12.00000
        97.44926	       10.00000
        97.47426	       12.00000
        97.49926	       17.00000
        97.52426	       10.00000
        97.54926	       12.00000
        97.57426	       10.00000
        97.59926	       16.00000
        97.62426	        5.00000
        97.64926	       15.00000
        97.67426	        6.00000
        97.69926	       12.00000
        97.72426	       16.00000
        97.74926	       20.00000
        97.77426	       16.00000
        97.79926	       10.00000
        97.82426	       13.00000
        97.84926	       10.00000
        97.87426	       12.00000
        97.89926	       12.00000
        97.92426	       15.00000
        97.94926	        6.00000
        97.97426	       12.00000
        97.99926	       10.00000
        98.02426	       10.00000
        98.04926	       10.00000
        98.07426	       10.00000
        98.09926	       16.00000
        98.12426	        7.00000
        98.14926	       13.00000
        98.17426	       17.00000
        98.19926	       13.00000
        98.22426	       10.00000
        98.24926	       13.00000
        98.27426	       12.00000
        98.29926	       12.00000
        98.32426	       10.00000
        98.34926	       13.00000
        98.37426	       10.00000
        98.39926	        7.00000
        98.42426	       10.00000
        98.44926	       10.00000
        98.47426	       10.00000
        98.49926	       12.00000
        98.52426	       12.00000
        98.54926	        9.00000
        98.57426	       13.00000
        98.59926	        7.00000
        98.62426	       10.00000
        98.64926	       13.00000
        98.67426	        9.00000
        98.69926	       12.00000
        98.72426	        5.00000
        98.74926	       10.00000
        98.77426	        9.00000
        98.79926	       13.00000
        98.82426	       10.00000
        98.84926	       12.00000
        98.87426	       15.00000
        98.89926	       12.00000
        98.92426	       10.00000
        98.94926	       10.00000
        98.97426	       13.00000
        98.99926	       16.00000
        99.02426	       15.00000
        99.04926	       15.00000
        99.07426	        7.00000
        99.09926	       13.00000
        99.12426	       15.00000
        99.14926	       10.00000
        99.17426	       10.00000
        99.19926	        9.00000
        99.22426	       10.00000
        99.24926	       16.00000
        99.27426	        7.00000
        99.29926	       16.00000
        99.32426	       12.00000
        99.34926	       10.00000
        99.37426	        6.00000
        99.39926	        6.00000
        99.42426	       10.00000
        99.44926	        7.00000
        99.47426	       16.00000
        99.49926	        4.00000
        99.52426	        9.00000
        99.54926	       10.00000
        99.57426	       15.00000
        99.59926	        6.00000
        99.62426	       10.00000
        99.64926	       13.00000
        99.67426	        5.00000
        99.69926	       10.00000
        99.72426	       12.00000
        99.74926	       10.00000
        99.77426	       16.00000
        99.79926	       12.00000
        99.82426	       10.00000
        99.84926	       15.00000
        99.87426	        9.00000
        99.89926	       12.00000
        99.92426	        9.00000
        99.94926	       12.00000
        99.97426	       12.00000
        99.99926	       10.00000
       100.02426	       12.00000
